1H,1,2013/06/07 00:00:00,1,26.7,128,2,0.41,128,3,0.021,128,4,2.6,128,5,7.0,128,6,9.7,128,7,0.5,64,8,23.59,128,9,27.18,128,10,68.31,128,11,704.54,128,12,51.,128,13,33.,128,18,0.0,128,28,0.82,128,29,219.,128,33,,0,38,,0,41,,0
1H,1,2013/06/07 00:05:00,1,26.9,128,2,0.42,128,3,0.020,128,4,6.9,128,5,7.3,128,6,14.2,128,7,0.5,128,8,23.73,128,9,27.17,128,10,68.64,128,11,704.59,128,12,51.,128,13,32.,128,18,0.0,128,28,0.84,128,29,213.,128,33,,0,38,,0,41,,0
1H,1,2013/06/07 00:10:00,1,27.1,128,2,0.43,128,3,0.020,128,4,4.3,128,5,4.8,128,6,9.2,128,7,0.6,128,8,23.85,128,9,27.14,128,10,68.83,128,11,704.60,128,12,51.,128,13,33.,128,18,0.0,128,28,0.71,128,29,216.,128,33,,0,38,,0,41,,0
1H,1,2013/06/07 00:15:00,1,27.2,128,2,0.43,128,3,0.019,128,4,3.6,128,5,3.3,128,6,6.8,128,7,0.8,128,8,23.92,128,9,27.14,128,10,68.88,128,11,704.59,128,12,51.,128,13,33.,128,18,0.0,128,28,0.63,128,29,220.,128,33,,0,38,,0,41,,0
1H,1,2013/06/07 00:20:00,1,27.2,128,2,0.42,128,3,0.019,128,4,1.2,128,5,6.7,128,6,7.9,128,7,1.0,128,8,23.98,128,9,27.09,128,10,68.98,128,11,704.54,128,12,50.,128,13,33.,128,18,0.0,128,28,0.70,128,29,226.,128,33,,0,38,,0,41,,0
1H,1,2013/06/07 00:25:00,1,27.2,128,2,0.44,128,3,0.019,128,4,1.4,128,5,5.8,128,6,7.2,128,7,1.1,128,8,24.10,128,9,27.13,128,10,69.05,128,11,704.49,128,12,50.,128,13,33.,128,18,0.0,128,28,0.43,128,29,253.,128,33,,0,38,,0,41,,0
1H,1,2013/06/07 00:30:00,1,27.3,128,2,0.44,128,3,0.018,128,4,4.2,128,5,5.0,128,6,9.2,128,7,1.4,128,8,24.29,128,9,27.15,128,10,68.59,128,11,704.40,128,12,51.,128,13,33.,128,18,0.0,128,28,0.82,128,29,257.,128,33,,0,38,,0,41,,0
1H,1,2013/06/07 00:35:00,1,27.5,128,2,0.40,128,3,0.018,128,4,2.7,128,5,5.5,128,6,8.2,128,7,1.6,128,8,24.57,128,9,27.03,128,10,68.50,128,11,704.32,128,12,50.,128,13,33.,128,18,0.0,128,28,0.86,128,29,236.,128,33,,0,38,,0,41,,0
1H,1,2013/06/07 00:40:00,1,27.9,128,2,0.44,128,3,0.019,128,4,5.9,128,5,6.2,128,6,12.1,128,7,1.5,128,8,25.03,128,9,27.01,128,10,68.81,128,11,704.32,128,12,50.,128,13,33.,128,18,0.0,128,28,0.70,128,29,243.,128,33,,0,38,,0,41,,0
1H,1,2013/06/07 00:45:00,1,28.2,128,2,0.46,128,3,0.017,128,4,1.7,128,5,4.4,128,6,6.1,128,7,1.6,128,8,25.49,128,9,27.01,128,10,68.86,128,11,704.11,128,12,50.,128,13,33.,128,18,0.0,128,28,0.92,128,29,248.,128,33,,0,38,,0,41,,0
1H,1,2013/06/07 00:50:00,1,28.5,128,2,0.48,128,3,0.016,128,4,4.0,128,5,7.6,128,6,11.6,128,7,1.6,128,8,25.92,128,9,26.98,128,10,68.98,128,11,704.09,128,12,50.,128,13,33.,128,18,0.0,128,28,0.88,128,29,248.,128,33,,0,38,,0,41,,0
1H,1,2013/06/07 00:55:00,1,28.9,128,2,0.50,128,3,0.014,128,4,1.3,128,5,8.8,128,6,10.1,128,7,1.4,128,8,26.27,128,9,26.97,128,10,69.02,128,11,703.98,128,12,50.,128,13,33.,128,18,0.0,128,28,0.75,128,29,231.,128,33,,0,38,,0,41,,0
1H,1,2013/06/07 01:00:00,1,29.2,128,2,0.48,128,3,0.013,128,4,2.8,128,5,7.4,128,6,10.2,128,7,1.4,128,8,26.56,128,9,26.92,128,10,68.67,128,11,703.81,128,12,51.,128,13,33.,128,18,0.0,128,28,1.04,128,29,248.,128,33,,0,38,,0,41,,0
1H,1,2013/06/07 01:05:00,1,29.5,128,2,0.44,128,3,0.012,128,4,1.6,128,5,7.3,128,6,8.9,128,7,1.3,128,8,26.84,128,9,26.94,128,10,68.65,128,11,703.81,128,12,51.,128,13,35.,128,18,0.0,128,28,0.79,128,29,244.,128,33,,0,38,,0,41,,0
1H,1,2013/06/07 01:10:00,1,29.7,128,2,0.44,128,3,0.011,128,4,2.8,128,5,7.2,128,6,10.0,128,7,1.3,128,8,27.07,128,9,26.93,128,10,68.56,128,11,703.80,128,12,51.,128,13,37.,128,18,0.0,128,28,0.85,128,29,241.,128,33,,0,38,,0,41,,0
1H,1,2013/06/07 01:15:00,1,30.0,128,2,0.44,128,3,0.010,128,4,3.5,128,5,5.5,128,6,9.0,128,7,1.4,128,8,27.25,128,9,26.92,128,10,68.39,128,11,703.74,128,12,50.,128,13,37.,128,18,0.0,128,28,0.80,128,29,231.,128,33,,0,38,,0,41,,0
1H,1,2013/06/07 01:20:00,1,30.1,128,2,0.44,128,3,0.010,128,4,2.7,128,5,5.9,128,6,8.6,128,7,1.5,128,8,26.94,128,9,26.98,128,10,67.86,128,11,703.66,128,12,50.,128,13,37.,128,18,0.0,128,28,0.84,128,29,222.,128,33,,0,38,,0,41,,0
1H,1,2013/06/07 01:25:00,1,30.0,128,2,0.44,128,3,0.010,128,4,1.5,128,5,8.1,128,6,9.6,128,7,1.4,128,8,26.24,128,9,27.12,128,10,67.45,128,11,703.68,128,12,52.,128,13,37.,128,18,0.0,128,28,0.73,128,29,228.,128,33,,0,38,,0,41,,0
1H,1,2013/06/07 01:30:00,1,30.0,128,2,0.45,128,3,0.011,128,4,2.8,128,5,7.3,128,6,10.1,128,7,1.3,128,8,26.66,128,9,27.16,128,10,66.99,128,11,703.76,128,12,56.,128,13,37.,128,18,0.0,128,28,0.70,128,29,234.,128,33,,0,38,,0,41,,0
1H,1,2013/06/07 01:35:00,1,30.2,128,2,0.48,128,3,0.012,128,4,6.2,128,5,5.8,128,6,11.9,128,7,1.3,128,8,27.51,128,9,27.14,128,10,67.15,128,11,703.88,128,12,56.,128,13,37.,128,18,0.0,128,28,0.69,128,29,212.,128,33,,0,38,,0,41,,0
1H,1,2013/06/07 01:40:00,1,30.5,128,2,0.49,128,3,0.013,128,4,2.3,128,5,6.5,128,6,8.8,128,7,1.3,128,8,28.17,128,9,27.03,128,10,67.49,128,11,703.87,128,12,55.,128,13,37.,128,18,0.0,128,28,0.81,128,29,212.,128,33,,0,38,,0,41,,0
1H,1,2013/06/07 01:45:00,1,31.0,128,2,0.49,128,3,0.012,128,4,3.7,128,5,5.8,128,6,9.6,128,7,1.3,128,8,28.45,128,9,26.98,128,10,67.71,128,11,703.81,128,12,47.,128,13,37.,128,18,0.0,128,28,0.84,128,29,221.,128,33,,0,38,,0,41,,0
1H,1,2013/06/07 01:50:00,1,31.1,128,2,0.48,128,3,0.011,128,4,5.3,128,5,5.1,128,6,10.4,128,7,1.3,128,8,27.71,128,9,27.00,128,10,67.31,128,11,703.77,128,12,48.,128,13,37.,128,18,0.0,128,28,0.87,128,29,246.,128,33,,0,38,,0,41,,0
1H,1,2013/06/07 01:55:00,1,30.9,128,2,0.47,128,3,0.010,128,4,5.3,128,5,5.6,128,6,10.9,128,7,1.3,128,8,26.75,128,9,27.06,128,10,66.89,128,11,703.82,128,12,49.,128,13,37.,128,18,0.0,128,28,0.83,128,29,246.,128,33,,0,38,,0,41,,0
1H,1,2013/06/07 02:00:00,1,30.8,128,2,0.49,128,3,0.012,128,4,3.6,128,5,6.9,128,6,10.6,128,7,1.2,128,8,26.21,128,9,27.09,128,10,66.68,128,11,703.77,128,12,50.,128,13,37.,128,18,0.0,128,28,0.62,128,29,237.,128,33,,0,38,,0,41,,0
1H,1,2013/06/07 02:05:00,1,30.6,128,2,0.51,128,3,0.015,128,4,1.1,128,5,8.6,128,6,9.7,128,7,1.2,128,8,25.84,128,9,27.21,128,10,66.44,128,11,703.83,128,12,50.,128,13,27.,128,18,0.0,128,28,0.94,128,29,214.,128,33,,0,38,,0,41,,0
1H,1,2013/06/07 02:10:00,1,30.3,128,2,0.45,128,3,0.017,128,4,0.8,128,5,7.5,128,6,8.4,128,7,1.2,128,8,25.41,128,9,27.26,128,10,65.99,128,11,703.87,128,12,50.,128,13,26.,128,18,0.0,128,28,0.85,128,29,229.,128,33,,0,38,,0,41,,0
1H,1,2013/06/07 02:15:00,1,29.9,128,2,0.44,128,3,0.019,128,4,4.1,128,5,7.4,128,6,11.5,128,7,1.2,128,8,25.11,128,9,27.30,128,10,65.99,128,11,703.86,128,12,50.,128,13,26.,128,18,0.0,128,28,0.76,128,29,240.,128,33,,0,38,,0,41,,0
1H,1,2013/06/07 02:20:00,1,29.5,128,2,0.43,128,3,0.020,128,4,5.8,128,5,8.8,128,6,14.6,128,7,1.3,128,8,24.82,128,9,27.27,128,10,65.66,128,11,703.78,128,12,49.,128,13,26.,128,18,0.0,128,28,0.79,128,29,243.,128,33,,0,38,,0,41,,0
1H,1,2013/06/07 02:25:00,1,29.2,128,2,0.41,128,3,0.021,128,4,3.7,128,5,10.9,128,6,14.5,128,7,1.4,128,8,24.57,128,9,27.26,128,10,65.62,128,11,703.82,128,12,50.,128,13,26.,128,18,0.0,128,28,0.66,128,29,224.,128,33,,0,38,,0,41,,0
1H,1,2013/06/07 02:30:00,1,28.9,128,2,0.40,128,3,0.021,128,4,3.3,128,5,12.4,128,6,15.7,128,7,1.3,128,8,24.40,128,9,27.25,128,10,65.54,128,11,703.70,128,12,50.,128,13,26.,128,18,0.0,128,28,0.54,128,29,253.,128,33,,0,38,,0,41,,0
1H,1,2013/06/07 02:35:00,1,28.7,128,2,0.36,128,3,0.021,128,4,1.1,128,5,13.1,128,6,14.2,128,7,1.3,128,8,24.28,128,9,27.21,128,10,65.25,128,11,703.71,128,12,50.,128,13,26.,128,18,0.0,128,28,1.13,128,29,246.,128,33,,0,38,,0,41,,0
1H,1,2013/06/07 02:40:00,1,28.4,128,2,0.34,128,3,0.021,128,4,2.8,128,5,11.4,128,6,14.2,128,7,1.3,128,8,24.10,128,9,27.10,128,10,65.54,128,11,703.65,128,12,50.,128,13,26.,128,18,-0.1,128,28,0.94,128,29,247.,128,33,,0,38,,0,41,,0
1H,1,2013/06/07 02:45:00,1,28.3,128,2,0.34,128,3,0.021,128,4,3.1,128,5,9.0,128,6,12.1,128,7,1.3,128,8,24.08,128,9,27.05,128,10,65.44,128,11,703.66,128,12,51.,128,13,26.,128,18,0.0,128,28,1.26,128,29,259.,128,33,,0,38,,0,41,,0
1H,1,2013/06/07 02:50:00,1,28.1,128,2,0.33,128,3,0.022,67,4,3.8,128,5,9.1,128,6,12.9,128,7,1.2,128,8,23.97,128,9,26.99,128,10,65.70,128,11,703.59,128,12,50.,128,13,26.,128,18,0.0,128,28,0.66,128,29,268.,128,33,,0,38,,0,41,,0
1H,1,2013/06/07 02:55:00,1,27.9,128,2,0.33,128,3,0.118,67,4,4.4,128,5,8.2,128,6,12.7,128,7,1.2,128,8,23.81,128,9,26.87,128,10,66.08,128,11,703.54,128,12,51.,128,13,26.,128,18,0.0,128,28,0.76,128,29,271.,128,33,,0,38,,0,41,,0
1H,1,2013/06/07 03:00:00,1,27.7,128,2,0.33,128,3,0.155,67,4,2.0,128,5,9.9,128,6,11.9,128,7,1.2,128,8,23.69,128,9,26.70,128,10,66.47,128,11,703.44,128,12,50.,128,13,26.,128,18,0.0,128,28,1.08,128,29,273.,128,33,,0,38,,0,41,,0
1H,1,2013/06/07 03:05:00,1,27.7,128,2,0.34,128,3,0.064,66,4,1.5,128,5,8.7,128,6,10.2,128,7,1.3,128,8,23.66,128,9,26.54,128,10,66.95,128,11,703.41,128,12,51.,128,13,26.,128,18,0.0,128,28,1.11,128,29,267.,128,33,,0,38,,0,41,,0
1H,1,2013/06/07 03:10:00,1,27.7,128,2,0.35,128,3,-0.002,66,4,1.6,128,5,9.3,128,6,10.9,128,7,1.3,128,8,23.61,128,9,26.37,128,10,67.43,128,11,703.32,128,12,50.,128,13,27.,128,18,0.0,128,28,1.04,128,29,277.,128,33,,0,38,,0,41,,0
1H,1,2013/06/07 03:15:00,1,27.6,128,2,0.34,128,3,0.005,65,4,2.5,128,5,9.1,128,6,11.6,128,7,1.3,128,8,23.52,128,9,26.23,128,10,68.12,128,11,703.33,128,12,50.,128,13,27.,128,18,0.0,128,28,1.12,128,29,272.,128,33,,0,38,,0,41,,0
1H,1,2013/06/07 03:20:00,1,27.5,128,2,0.33,128,3,0.015,128,4,3.3,128,5,9.2,128,6,12.5,128,7,1.2,128,8,23.41,128,9,26.02,128,10,68.48,128,11,703.29,128,12,50.,128,13,27.,128,18,0.0,128,28,1.18,128,29,273.,128,33,,0,38,,0,41,,0
1H,1,2013/06/07 03:25:00,1,27.4,128,2,0.29,128,3,0.018,128,4,3.3,128,5,7.2,128,6,10.6,128,7,1.1,128,8,23.36,128,9,25.87,128,10,68.13,128,11,703.26,128,12,50.,128,13,27.,128,18,-0.1,128,28,1.62,128,29,265.,128,33,,0,38,,0,41,,0
1H,1,2013/06/07 03:30:00,1,27.3,128,2,0.27,128,3,0.019,128,4,1.8,128,5,5.4,128,6,7.2,128,7,1.2,128,8,23.28,128,9,25.84,128,10,68.20,128,11,703.30,128,12,50.,128,13,27.,128,18,0.0,128,28,1.58,128,29,269.,128,33,,0,38,,0,41,,0
1H,1,2013/06/07 03:35:00,1,27.2,128,2,0.26,128,3,0.019,128,4,1.5,128,5,5.9,128,6,7.4,128,7,1.4,128,8,23.24,128,9,25.81,128,10,68.40,128,11,703.34,128,12,50.,128,13,27.,128,18,0.0,128,28,1.04,128,29,247.,128,33,,0,38,,0,41,,0
1H,1,2013/06/07 03:40:00,1,27.0,128,2,0.27,128,3,0.018,128,4,2.9,128,5,6.5,128,6,9.4,128,7,1.4,128,8,23.24,128,9,26.23,128,10,67.56,128,11,703.25,128,12,51.,128,13,27.,128,18,-0.1,128,28,1.28,128,29,251.,128,33,,0,38,,0,41,,0
1H,1,2013/06/07 03:45:00,1,26.9,128,2,0.27,128,3,0.018,128,4,2.5,128,5,7.3,128,6,9.8,128,7,1.4,128,8,23.17,128,9,26.29,128,10,66.96,128,11,703.36,128,12,50.,128,13,27.,128,18,0.0,128,28,1.52,128,29,256.,128,33,,0,38,,0,41,,0
1H,1,2013/06/07 03:50:00,1,26.8,128,2,0.27,128,3,0.018,128,4,3.1,128,5,7.0,128,6,10.2,128,7,1.5,128,8,23.16,128,9,26.33,128,10,66.84,128,11,703.31,128,12,50.,128,13,27.,128,18,-0.1,128,28,0.99,128,29,251.,128,33,,0,38,,0,41,,0
1H,1,2013/06/07 03:55:00,1,26.7,128,2,0.27,128,3,0.017,128,4,3.9,128,5,7.2,128,6,11.1,128,7,1.3,128,8,23.17,128,9,26.40,128,10,66.75,128,11,703.35,128,12,51.,128,13,27.,128,18,0.0,128,28,1.12,128,29,280.,128,33,,0,38,,0,41,,0
1H,1,2013/06/07 04:00:00,1,26.7,128,2,0.27,128,3,0.016,128,4,3.2,128,5,7.1,128,6,10.3,128,7,1.2,128,8,23.24,128,9,26.30,128,10,67.10,128,11,703.32,128,12,51.,128,13,27.,128,18,0.0,128,28,1.00,128,29,278.,128,33,,0,38,,0,41,,0
1H,1,2013/06/07 04:05:00,1,26.9,128,2,0.27,128,3,0.016,128,4,3.3,128,5,8.6,128,6,11.9,128,7,1.2,128,8,23.41,128,9,26.20,128,10,67.67,128,11,703.37,128,12,51.,128,13,26.,128,18,0.0,128,28,1.09,128,29,272.,128,33,,0,38,,0,41,,0
1H,1,2013/06/07 04:10:00,1,27.0,128,2,0.27,128,3,0.017,128,4,4.6,128,5,7.0,128,6,11.6,128,7,1.3,128,8,23.45,128,9,26.12,128,10,68.10,128,11,703.38,128,12,51.,128,13,27.,128,18,0.0,128,28,0.82,128,29,284.,128,33,,0,38,,0,41,,0
1H,1,2013/06/07 04:15:00,1,27.0,128,2,0.27,128,3,0.017,128,4,1.6,128,5,9.0,128,6,10.6,128,7,1.5,128,8,23.48,128,9,26.05,128,10,68.37,128,11,703.42,128,12,50.,128,13,27.,128,18,0.0,128,28,0.86,128,29,284.,128,33,,0,38,,0,41,,0
1H,1,2013/06/07 04:20:00,1,27.0,128,2,0.27,128,3,0.016,128,4,3.5,128,5,7.3,128,6,10.8,128,7,1.4,128,8,23.53,128,9,25.99,128,10,68.54,128,11,703.40,128,12,50.,128,13,27.,128,18,0.0,128,28,0.85,128,29,279.,128,33,,0,38,,0,41,,0
1H,1,2013/06/07 04:25:00,1,27.0,128,2,0.27,128,3,0.016,128,4,4.0,128,5,7.7,128,6,11.7,128,7,1.4,128,8,23.65,128,9,25.97,128,10,68.58,128,11,703.50,128,12,50.,128,13,27.,128,18,0.0,128,28,0.96,128,29,289.,128,33,,0,38,,0,41,,0
1H,1,2013/06/07 04:30:00,1,27.0,128,2,0.27,128,3,0.017,128,4,3.6,128,5,7.7,128,6,11.3,128,7,1.5,128,8,23.73,128,9,25.97,128,10,68.65,128,11,703.53,128,12,50.,128,13,27.,128,18,0.0,128,28,0.92,128,29,278.,128,33,,0,38,,0,41,,0
1H,1,2013/06/07 04:35:00,1,27.1,128,2,0.27,128,3,0.017,128,4,5.3,128,5,7.8,128,6,13.1,128,7,1.5,128,8,23.94,128,9,25.99,128,10,68.64,128,11,703.58,128,12,49.,128,13,27.,128,18,0.0,128,28,1.15,128,29,272.,128,33,,0,38,,0,41,,0
1H,1,2013/06/07 04:40:00,1,27.3,128,2,0.28,128,3,0.017,128,4,4.1,128,5,6.9,128,6,11.1,128,7,1.5,128,8,24.45,128,9,26.02,128,10,68.68,128,11,703.59,128,12,50.,128,13,27.,128,18,0.0,128,28,1.21,128,29,270.,128,33,,0,38,,0,41,,0
1H,1,2013/06/07 04:45:00,1,27.7,128,2,0.28,128,3,0.017,128,4,4.2,128,5,6.2,128,6,10.3,128,7,1.6,128,8,24.87,128,9,25.99,128,10,68.75,128,11,703.57,128,12,50.,128,13,27.,128,18,0.0,128,28,1.14,128,29,268.,128,33,,0,38,,0,41,,0
1H,1,2013/06/07 04:50:00,1,28.0,128,2,0.30,128,3,0.017,128,4,1.3,128,5,7.4,128,6,8.7,128,7,1.6,128,8,25.38,128,9,25.99,128,10,68.81,128,11,703.61,128,12,49.,128,13,27.,128,18,0.0,128,28,1.44,128,29,261.,128,33,,0,38,,0,41,,0
1H,1,2013/06/07 04:55:00,1,28.4,128,2,0.32,128,3,0.017,128,4,3.6,128,5,7.8,128,6,11.4,128,7,1.4,128,8,25.72,128,9,25.99,128,10,69.03,128,11,703.54,128,12,50.,128,13,27.,128,18,0.0,128,28,1.15,128,29,257.,128,33,,0,38,,0,41,,0
1H,1,2013/06/07 05:00:00,1,28.7,128,2,0.34,128,3,0.019,128,4,4.2,128,5,9.7,128,6,13.9,128,7,1.2,128,8,26.05,128,9,26.04,128,10,69.10,128,11,703.66,128,12,50.,128,13,27.,128,18,0.0,128,28,0.99,128,29,265.,128,33,,0,38,,0,41,,0
1H,1,2013/06/07 05:05:00,1,29.0,128,2,0.35,128,3,0.020,128,4,3.4,128,5,10.0,128,6,13.4,128,7,1.2,128,8,26.35,128,9,26.03,128,10,69.13,128,11,703.69,128,12,51.,128,13,26.,128,18,0.0,128,28,1.05,128,29,283.,128,33,,0,38,,0,41,,0
1H,1,2013/06/07 05:10:00,1,29.3,128,2,0.36,128,3,0.021,128,4,3.5,128,5,6.0,128,6,9.5,128,7,1.3,128,8,26.61,128,9,26.01,128,10,69.30,128,11,703.71,128,12,50.,128,13,27.,128,18,0.0,128,28,1.15,128,29,261.,128,33,,0,38,,0,41,,0
1H,1,2013/06/07 05:15:00,1,29.5,128,2,0.37,128,3,0.022,128,4,2.5,128,5,5.3,128,6,7.8,128,7,1.2,128,8,26.58,128,9,26.00,128,10,69.49,128,11,703.73,128,12,50.,128,13,27.,128,18,0.0,128,28,1.27,128,29,255.,128,33,,0,38,,0,41,,0
1H,1,2013/06/07 05:20:00,1,29.5,128,2,0.39,128,3,0.023,128,4,1.6,128,5,7.6,128,6,9.2,128,7,1.4,128,8,25.95,128,9,26.02,128,10,69.34,128,11,703.75,128,12,50.,128,13,27.,128,18,0.0,128,28,1.62,128,29,258.,128,33,,0,38,,0,41,,0
1H,1,2013/06/07 05:25:00,1,29.4,128,2,0.39,128,3,0.023,128,4,1.8,128,5,6.8,128,6,8.6,128,7,1.6,128,8,25.38,128,9,26.07,128,10,69.33,128,11,703.79,128,12,50.,128,13,27.,128,18,0.0,128,28,1.34,128,29,251.,128,33,,0,38,,0,41,,0
1H,1,2013/06/07 05:30:00,1,29.2,128,2,0.40,128,3,0.022,128,4,1.4,128,5,7.4,128,6,8.8,128,7,1.6,128,8,24.99,128,9,26.14,128,10,69.21,128,11,703.87,128,12,50.,128,13,27.,128,18,0.0,128,28,1.12,128,29,241.,128,33,,0,38,,0,41,,0
1H,1,2013/06/07 05:35:00,1,29.0,128,2,0.42,128,3,0.021,128,4,-0.1,128,5,8.2,128,6,8.1,128,7,1.5,128,8,24.66,128,9,26.17,128,10,68.86,128,11,703.84,128,12,50.,128,13,27.,128,18,0.0,128,28,1.61,128,29,264.,128,33,,0,38,,0,41,,0
1H,1,2013/06/07 05:40:00,1,28.8,128,2,0.39,128,3,0.021,128,4,3.6,128,5,8.0,128,6,11.5,128,7,1.5,128,8,24.50,128,9,26.15,128,10,68.78,128,11,703.85,128,12,50.,128,13,27.,128,18,0.0,128,28,1.38,128,29,263.,128,33,,0,38,,0,41,,0
1H,1,2013/06/07 05:45:00,1,28.6,128,2,0.39,128,3,0.021,128,4,1.7,128,5,5.7,128,6,7.4,128,7,1.4,128,8,24.18,128,9,26.13,128,10,68.87,128,11,703.94,128,12,51.,128,13,27.,128,18,0.0,128,28,1.19,128,29,265.,128,33,,0,38,,0,41,,0
1H,1,2013/06/07 05:50:00,1,28.4,128,2,0.37,128,3,0.021,128,4,6.0,128,5,7.3,128,6,13.3,128,7,1.3,128,8,24.01,128,9,26.10,128,10,68.79,128,11,703.95,128,12,51.,128,13,27.,128,18,-0.1,128,28,1.22,128,29,257.,128,33,,0,38,,0,41,,0
1H,1,2013/06/07 05:55:00,1,28.1,128,2,0.33,129,3,0.021,128,4,6.0,128,5,7.7,128,6,13.7,128,7,1.3,64,8,23.81,128,9,26.13,128,10,68.77,128,11,703.97,128,12,54.,128,13,27.,128,18,-0.1,128,28,1.26,128,29,254.,128,33,,0,38,,0,41,,0
1H,1,2013/06/07 06:00:00,1,28.0,128,2,0.32,128,3,0.020,128,4,3.9,128,5,8.0,128,6,11.9,128,7,1.3,64,8,23.80,128,9,26.19,128,10,68.65,128,11,703.99,128,12,62.,128,13,27.,128,18,-0.1,128,28,1.53,128,29,255.,128,33,,0,38,,0,41,,0
1H,1,2013/06/07 06:05:00,1,28.0,128,2,0.32,128,3,0.021,128,4,3.9,128,5,5.9,128,6,9.8,128,7,1.3,128,8,23.73,128,9,26.03,128,10,68.64,128,11,703.97,128,12,67.,128,13,40.,128,18,-0.1,128,28,1.54,128,29,247.,128,33,,0,38,,0,41,,0
1H,1,2013/06/07 06:10:00,1,27.9,128,2,0.31,128,3,0.021,128,4,4.1,128,5,6.0,128,6,10.1,128,7,1.4,128,8,23.58,128,9,26.04,128,10,68.80,128,11,703.94,128,12,70.,128,13,44.,128,18,0.0,128,28,1.37,128,29,266.,128,33,,0,38,,0,41,,0
1H,1,2013/06/07 06:15:00,1,27.7,128,2,0.30,128,3,0.021,128,4,5.1,128,5,5.5,128,6,10.6,128,7,1.5,128,8,23.46,128,9,25.98,128,10,69.09,128,11,704.04,128,12,74.,128,13,44.,128,18,-0.1,128,28,1.65,128,29,269.,128,33,,0,38,,0,41,,0
1H,1,2013/06/07 06:20:00,1,27.5,128,2,0.27,128,3,0.021,128,4,2.6,128,5,5.1,128,6,7.8,128,7,1.7,128,8,23.41,128,9,25.89,128,10,69.70,128,11,704.07,128,12,74.,128,13,44.,128,18,-0.1,128,28,1.61,128,29,274.,128,33,,0,38,,0,41,,0
1H,1,2013/06/07 06:25:00,1,27.4,128,2,0.27,128,3,0.021,128,4,1.0,128,5,6.2,128,6,7.2,128,7,1.7,128,8,23.37,128,9,25.79,128,10,70.20,128,11,704.14,128,12,79.,128,13,44.,128,18,0.0,128,28,1.58,128,29,260.,128,33,,0,38,,0,41,,0
1H,1,2013/06/07 06:30:00,1,27.3,128,2,0.27,128,3,0.021,128,4,2.5,128,5,6.8,128,6,9.3,128,7,1.7,128,8,23.26,128,9,25.72,128,10,70.51,128,11,704.18,128,12,89.,128,13,44.,128,18,0.0,128,28,1.83,128,29,271.,128,33,,0,38,,0,41,,0
1H,1,2013/06/07 06:35:00,1,27.1,128,2,0.28,128,3,0.020,128,4,2.9,128,5,5.5,128,6,8.4,128,7,1.6,128,8,23.16,128,9,25.73,128,10,70.75,128,11,704.10,128,12,93.,128,13,44.,128,18,-0.1,128,28,1.52,128,29,266.,128,33,,0,38,,0,41,,0
1H,1,2013/06/07 06:40:00,1,27.0,128,2,0.29,128,3,0.020,128,4,3.4,128,5,6.6,128,6,10.0,128,7,1.7,128,8,23.14,128,9,25.73,128,10,70.96,128,11,704.14,128,12,97.,128,13,44.,128,18,0.0,128,28,1.22,128,29,263.,128,33,,0,38,,0,41,,0
1H,1,2013/06/07 06:45:00,1,27.0,128,2,0.29,128,3,0.019,128,4,4.9,128,5,5.8,128,6,10.6,128,7,1.8,128,8,23.14,128,9,25.70,128,10,70.93,128,11,704.06,128,12,114.,128,13,44.,128,18,0.0,128,28,1.59,128,29,274.,128,33,,0,38,,0,41,,0
1H,1,2013/06/07 06:50:00,1,26.8,128,2,0.29,128,3,0.019,128,4,5.3,128,5,5.6,128,6,10.9,128,7,1.8,128,8,23.05,128,9,25.73,128,10,71.14,128,11,704.06,128,12,125.,128,13,44.,128,18,0.0,128,28,1.36,128,29,273.,128,33,,0,38,,0,41,,0
1H,1,2013/06/07 06:55:00,1,26.8,128,2,0.29,128,3,0.018,128,4,3.7,128,5,6.1,128,6,9.7,128,7,1.6,128,8,23.02,128,9,25.77,128,10,71.09,128,11,704.12,128,12,134.,128,13,44.,128,18,0.0,128,28,1.29,128,29,267.,128,33,,0,38,,0,41,,0
1H,1,2013/06/07 07:00:00,1,26.7,128,2,0.29,128,3,0.018,128,4,2.8,128,5,6.9,128,6,9.6,128,7,1.6,128,8,22.98,128,9,25.90,128,10,70.92,128,11,704.06,128,12,144.,128,13,44.,128,18,0.0,128,28,0.96,128,29,275.,128,33,,0,38,,0,41,,0
1H,1,2013/06/07 07:05:00,1,26.8,128,2,0.30,128,3,0.018,128,4,3.2,128,5,7.9,128,6,11.1,128,7,1.5,128,8,23.02,128,9,26.01,128,10,70.49,128,11,704.13,128,12,153.,128,13,34.,128,18,0.0,128,28,1.30,128,29,263.,128,33,,0,38,,0,41,,0
1H,1,2013/06/07 07:10:00,1,26.8,128,2,0.30,128,3,0.019,128,4,4.6,128,5,3.7,128,6,8.2,128,7,1.5,128,8,23.06,128,9,26.15,128,10,70.25,128,11,704.19,128,12,164.,128,13,33.,128,18,0.0,128,28,1.04,128,29,261.,128,33,,0,38,,0,41,,0
1H,1,2013/06/07 07:15:00,1,26.7,128,2,0.30,128,3,0.019,128,4,0.5,128,5,7.1,128,6,7.6,128,7,1.6,128,8,22.95,128,9,26.27,128,10,70.02,128,11,704.24,128,12,175.,128,13,33.,128,18,0.0,128,28,1.12,128,29,282.,128,33,,0,38,,0,41,,0
1H,1,2013/06/07 07:20:00,1,26.6,128,2,0.31,128,3,0.019,128,4,5.4,128,5,5.5,128,6,10.9,128,7,1.5,128,8,22.94,128,9,26.33,128,10,69.79,128,11,704.17,128,12,183.,128,13,33.,128,18,0.0,128,28,1.28,128,29,277.,128,33,,0,38,,0,41,,0
1H,1,2013/06/07 07:25:00,1,26.6,128,2,0.34,128,3,0.018,128,4,5.0,128,5,6.9,128,6,11.9,128,7,1.7,128,8,22.91,128,9,26.37,128,10,69.61,128,11,704.17,128,12,189.,128,13,33.,128,18,0.0,128,28,1.16,128,29,307.,128,33,,0,38,,0,41,,0
1H,1,2013/06/07 07:30:00,1,26.5,128,2,0.31,128,3,0.018,128,4,5.6,128,5,6.8,128,6,12.4,128,7,1.6,128,8,22.99,128,9,26.36,128,10,69.42,128,11,704.29,128,12,190.,128,13,33.,128,18,-0.1,128,28,1.36,128,29,292.,128,33,,0,38,,0,41,,0
1H,1,2013/06/07 07:35:00,1,26.5,128,2,0.30,128,3,0.018,128,4,2.9,128,5,5.2,128,6,8.1,128,7,1.6,128,8,23.13,128,9,26.34,128,10,69.55,128,11,704.38,128,12,194.,128,13,33.,128,18,-0.1,128,28,1.61,128,29,283.,128,33,,0,38,,0,41,,0
1H,1,2013/06/07 07:40:00,1,26.6,128,2,0.28,128,3,0.019,128,4,2.4,128,5,7.1,128,6,9.5,128,7,1.7,128,8,23.27,128,9,26.29,128,10,69.89,128,11,704.46,128,12,206.,128,13,33.,128,18,-0.1,128,28,1.40,128,29,291.,128,33,,0,38,,0,41,,0
1H,1,2013/06/07 07:45:00,1,26.7,128,2,0.29,128,3,0.018,128,4,2.9,128,5,7.3,128,6,10.3,128,7,1.7,128,8,23.47,128,9,26.30,128,10,70.12,128,11,704.55,128,12,226.,128,13,33.,128,18,-0.1,128,28,1.41,128,29,289.,128,33,,0,38,,0,41,,0
1H,1,2013/06/07 07:50:00,1,26.8,128,2,0.31,128,3,0.018,128,4,4.5,128,5,6.2,128,6,10.6,128,7,1.8,128,8,23.54,128,9,26.31,128,10,70.33,128,11,704.67,128,12,256.,128,13,33.,128,18,-0.3,128,28,1.21,128,29,304.,128,33,,0,38,,0,41,,0
1H,1,2013/06/07 07:55:00,1,27.0,128,2,0.33,128,3,0.017,128,4,1.9,128,5,6.3,128,6,8.2,128,7,1.8,128,8,23.68,128,9,26.48,128,10,70.10,128,11,704.81,128,12,288.,128,13,33.,128,18,-0.1,128,28,1.41,128,29,304.,128,33,,0,38,,0,41,,0
1H,1,2013/06/07 08:00:00,1,27.1,128,2,0.36,128,3,0.016,128,4,4.6,128,5,7.4,128,6,12.0,128,7,1.8,128,8,23.77,128,9,26.58,128,10,70.32,128,11,704.90,128,12,304.,128,13,33.,128,18,-0.2,128,28,1.30,128,29,306.,128,33,,0,38,,0,41,,0
1H,1,2013/06/07 08:05:00,1,27.1,128,2,0.36,128,3,0.015,128,4,4.9,128,5,7.4,128,6,12.3,128,7,1.8,128,8,23.91,128,9,26.68,128,10,70.27,128,11,704.82,128,12,349.,128,13,30.,128,18,-0.2,128,28,1.22,128,29,309.,128,33,,0,38,,0,41,,0
1H,1,2013/06/07 08:10:00,1,27.3,128,2,0.36,128,3,0.015,128,4,5.3,128,5,5.9,128,6,11.2,128,7,1.9,128,8,24.07,128,9,26.91,128,10,69.89,128,11,704.97,128,12,359.,128,13,30.,128,18,-0.1,128,28,1.25,128,29,289.,128,33,,0,38,,0,41,,0
1H,1,2013/06/07 08:15:00,1,27.4,128,2,0.39,128,3,0.014,128,4,5.4,128,5,4.8,128,6,10.1,128,7,1.8,128,8,24.25,128,9,27.01,128,10,69.58,128,11,704.98,128,12,346.,128,13,30.,128,18,-0.1,128,28,1.48,128,29,291.,128,33,,0,38,,0,41,,0
1H,1,2013/06/07 08:20:00,1,27.6,128,2,0.43,128,3,0.014,128,4,4.4,128,5,6.1,128,6,10.5,128,7,1.7,128,8,24.70,128,9,27.04,128,10,69.82,128,11,705.06,128,12,360.,128,13,30.,128,18,-0.3,128,28,1.20,128,29,305.,128,33,,0,38,,0,41,,0
1H,1,2013/06/07 08:25:00,1,27.9,128,2,0.38,128,3,0.014,128,4,2.9,128,5,6.1,128,6,9.0,128,7,1.7,128,8,25.11,128,9,27.05,128,10,69.76,128,11,705.11,128,12,384.,128,13,30.,128,18,-0.1,128,28,1.72,128,29,312.,128,33,,0,38,,0,41,,0
1H,1,2013/06/07 08:30:00,1,28.2,128,2,0.37,128,3,0.014,128,4,3.8,128,5,5.6,128,6,9.3,128,7,1.6,128,8,25.65,128,9,26.96,128,10,70.32,128,11,705.20,128,12,474.,128,13,30.,128,18,-0.2,128,28,1.53,128,29,332.,128,33,,0,38,,0,41,,0
1H,1,2013/06/07 08:35:00,1,28.6,128,2,0.34,128,3,0.014,128,4,5.7,128,5,4.4,128,6,10.1,128,7,1.6,128,8,26.04,128,9,27.13,128,10,70.18,128,11,705.25,128,12,501.,128,13,30.,128,18,-0.2,128,28,1.15,128,29,334.,128,33,,0,38,,0,41,,0
1H,1,2013/06/07 08:40:00,1,29.0,128,2,0.35,128,3,0.013,128,4,3.4,128,5,4.6,128,6,8.0,128,7,1.7,128,8,26.44,128,9,27.35,128,10,69.13,128,11,705.38,128,12,568.,128,13,30.,128,18,-0.1,128,28,1.52,128,29,295.,128,33,,0,38,,0,41,,0
1H,1,2013/06/07 08:45:00,1,29.3,128,2,0.39,128,3,0.012,128,4,3.7,128,5,5.9,128,6,9.6,128,7,1.6,128,8,26.80,128,9,27.49,128,10,68.87,128,11,705.45,128,12,468.,128,13,30.,128,18,-0.1,128,28,1.26,128,29,325.,128,33,,0,38,,0,41,,0
1H,1,2013/06/07 08:50:00,1,29.6,128,2,0.39,128,3,0.010,128,4,4.5,128,5,6.2,128,6,10.8,128,7,1.7,128,8,27.06,128,9,27.61,128,10,68.75,128,11,705.38,128,12,501.,128,13,30.,128,18,-0.2,128,28,1.18,128,29,334.,128,33,,0,38,,0,41,,0
1H,1,2013/06/07 08:55:00,1,29.9,128,2,0.40,128,3,0.012,128,4,4.3,128,5,7.8,128,6,12.1,128,7,1.6,128,8,27.34,128,9,27.79,128,10,68.35,128,11,705.43,128,12,569.,128,13,30.,128,18,-0.1,128,28,0.94,128,29,295.,128,33,,0,38,,0,41,,0
1H,1,2013/06/07 09:00:00,1,30.0,128,2,0.42,128,3,0.015,128,4,5.7,128,5,10.1,128,6,15.8,128,7,1.5,128,8,27.06,128,9,28.08,128,10,67.55,128,11,705.52,128,12,540.,128,13,30.,128,18,-0.2,128,28,1.11,128,29,324.,128,33,,0,38,,0,41,,0
1H,1,2013/06/07 09:05:00,1,30.0,128,2,0.42,128,3,0.019,128,4,2.5,128,5,8.3,128,6,10.8,128,7,1.5,128,8,26.39,128,9,28.11,128,10,66.96,128,11,705.48,128,12,645.,128,13,39.,128,18,-0.2,128,28,1.70,128,29,338.,128,33,,0,38,,0,41,,0
1H,1,2013/06/07 09:10:00,1,29.9,128,2,0.40,128,3,0.020,128,4,0.6,128,5,4.2,128,6,4.8,128,7,1.6,128,8,25.97,128,9,27.95,128,10,67.40,128,11,705.46,128,12,669.,128,13,42.,128,18,-0.4,128,28,1.53,128,29,358.,128,33,,0,38,,0,41,,0
1H,1,2013/06/07 09:15:00,1,29.7,128,2,0.41,128,3,0.021,128,4,4.1,128,5,4.0,128,6,8.1,128,7,1.8,128,8,25.61,128,9,28.14,128,10,67.34,128,11,705.60,128,12,618.,128,13,42.,128,18,-0.2,128,28,0.98,128,29,338.,128,33,,0,38,,0,41,,0
1H,1,2013/06/07 09:20:00,1,29.5,128,2,0.40,128,3,0.021,128,4,3.7,128,5,4.0,128,6,7.7,128,7,1.9,128,8,25.24,128,9,28.50,128,10,66.57,128,11,705.63,128,12,622.,128,13,42.,128,18,-0.1,128,28,0.81,128,29,329.,128,33,,0,38,,0,41,,0
1H,1,2013/06/07 09:25:00,1,29.2,128,2,0.40,128,3,0.021,128,4,1.2,128,5,4.9,128,6,6.1,128,7,1.9,128,8,24.94,128,9,28.76,128,10,65.20,128,11,705.64,128,12,630.,128,13,42.,128,18,0.0,128,28,1.01,128,29,301.,128,33,,0,38,,0,41,,0
1H,1,2013/06/07 09:30:00,1,29.0,128,2,0.42,128,3,0.022,128,4,2.2,128,5,3.6,128,6,5.9,128,7,1.7,128,8,24.82,128,9,28.77,128,10,65.00,128,11,705.65,128,12,666.,128,13,42.,128,18,0.0,128,28,0.82,128,29,320.,128,33,,0,38,,0,41,,0
1H,1,2013/06/07 09:35:00,1,28.7,128,2,0.39,128,3,0.022,128,4,3.5,128,5,6.0,128,6,9.5,128,7,1.6,128,8,24.54,128,9,28.98,128,10,64.48,128,11,705.72,128,12,679.,128,13,42.,128,18,-0.1,128,28,1.09,128,29,329.,128,33,,0,38,,0,41,,0
1H,1,2013/06/07 09:40:00,1,28.6,128,2,0.38,128,3,0.023,128,4,4.2,128,5,3.5,128,6,7.7,128,7,1.7,128,8,24.47,128,9,29.06,128,10,63.54,128,11,705.76,128,12,639.,128,13,42.,128,18,0.0,128,28,1.11,128,29,269.,128,33,,0,38,,0,41,,0
1H,1,2013/06/07 09:45:00,1,28.3,128,2,0.39,128,3,0.023,128,4,2.0,128,5,3.9,128,6,5.9,128,7,1.6,128,8,24.18,128,9,29.15,128,10,63.69,128,11,705.77,128,12,484.,128,13,42.,128,18,0.0,128,28,0.81,128,29,328.,128,33,,0,38,,0,41,,0
1H,1,2013/06/07 09:50:00,1,28.1,128,2,0.37,128,3,0.023,128,4,2.2,128,5,6.1,128,6,8.3,128,7,1.5,128,8,24.09,128,9,29.09,128,10,63.82,128,11,705.79,128,12,444.,128,13,42.,128,18,-0.1,128,28,1.00,128,29,349.,128,33,,0,38,,0,41,,0
1H,1,2013/06/07 09:55:00,1,28.0,128,2,0.39,128,3,0.022,128,4,3.8,128,5,3.5,128,6,7.3,128,7,1.4,128,8,24.03,128,9,28.97,128,10,64.18,128,11,705.79,128,12,487.,128,13,42.,128,18,0.0,128,28,0.73,128,29,328.,128,33,,0,38,,0,41,,0
1H,1,2013/06/07 10:00:00,1,28.0,128,2,0.37,128,3,0.022,128,4,-0.4,128,5,4.8,128,6,4.4,128,7,1.4,128,8,23.97,128,9,29.14,128,10,63.54,128,11,705.75,128,12,503.,128,13,42.,128,18,0.0,128,28,0.67,128,29,347.,128,33,,0,38,,0,41,,0
1H,1,2013/06/07 10:05:00,1,27.9,128,2,0.33,128,3,0.023,128,4,1.4,128,5,3.7,128,6,5.1,128,7,1.3,128,8,24.00,128,9,29.23,128,10,62.66,128,11,705.70,128,12,457.,128,13,38.,128,18,0.0,128,28,0.64,128,29,306.,128,33,,0,38,,0,41,,0
1H,1,2013/06/07 10:10:00,1,27.9,128,2,0.36,128,3,0.024,128,4,2.9,128,5,6.0,128,6,8.9,128,7,1.3,128,8,23.87,128,9,29.35,128,10,62.67,128,11,705.68,128,12,471.,128,13,39.,128,18,0.0,128,28,0.78,128,29,350.,128,33,,0,38,,0,41,,0
1H,1,2013/06/07 10:15:00,1,27.7,128,2,0.38,128,3,0.025,128,4,5.2,128,5,4.5,128,6,9.7,128,7,1.3,128,8,23.69,128,9,29.38,128,10,62.22,128,11,705.63,128,12,499.,128,13,39.,128,18,0.0,128,28,0.35,128,29,60.,128,33,,0,38,,0,41,,0
1H,1,2013/06/07 10:20:00,1,27.4,128,2,0.41,128,3,0.025,128,4,6.4,128,5,4.6,128,6,11.0,128,7,1.3,128,8,23.46,128,9,29.49,128,10,62.37,128,11,705.62,128,12,510.,128,13,39.,128,18,0.0,128,28,0.80,128,29,359.,128,33,,0,38,,0,41,,0
1H,1,2013/06/07 10:25:00,1,27.4,128,2,0.41,128,3,0.025,128,4,5.3,128,5,5.2,128,6,10.4,128,7,1.3,128,8,23.60,128,9,29.40,128,10,62.13,128,11,705.61,128,12,497.,128,13,39.,128,18,0.0,128,28,1.03,128,29,1.,128,33,,0,38,,0,41,,0
1H,1,2013/06/07 10:30:00,1,27.4,128,2,0.41,128,3,0.026,128,4,-0.5,128,5,5.9,128,6,5.4,128,7,1.2,128,8,23.91,128,9,29.31,128,10,62.68,128,11,705.60,128,12,507.,128,13,39.,128,18,0.0,128,28,0.77,128,29,39.,128,33,,0,38,,0,41,,0
1H,1,2013/06/07 10:35:00,1,27.4,128,2,0.43,128,3,0.026,128,4,1.9,128,5,8.2,128,6,10.1,128,7,1.3,128,8,24.13,128,9,29.38,128,10,63.10,128,11,705.53,128,12,516.,128,13,39.,128,18,0.0,128,28,0.24,128,29,63.,128,33,,0,38,,0,41,,0
1H,1,2013/06/07 10:40:00,1,27.5,128,2,0.52,128,3,0.026,128,4,3.2,128,5,7.8,128,6,11.0,128,7,1.4,128,8,24.08,128,9,29.89,128,10,62.01,128,11,705.49,128,12,498.,128,13,39.,128,18,0.0,128,28,0.41,128,29,306.,128,33,,0,38,,0,41,,0
1H,1,2013/06/07 10:45:00,1,27.5,128,2,0.48,128,3,0.026,128,4,4.6,128,5,6.2,128,6,10.8,128,7,1.5,128,8,24.01,128,9,30.37,128,10,59.90,128,11,705.40,128,12,526.,128,13,39.,128,18,0.0,128,28,0.60,128,29,269.,128,33,,0,38,,0,41,,0
1H,1,2013/06/07 10:50:00,1,27.5,128,2,0.09,66,3,0.027,128,4,10.4,66,5,7.1,66,6,17.5,66,7,1.5,128,8,23.87,128,9,30.67,128,10,58.49,128,11,705.40,128,12,542.,128,13,39.,128,18,0.0,128,28,0.23,128,29,234.,128,33,,0,38,,0,41,,0
1H,1,2013/06/07 10:55:00,1,27.5,128,2,-0.01,66,3,0.027,128,4,5.6,66,5,4.9,66,6,10.4,66,7,1.6,128,8,23.70,128,9,30.91,128,10,57.22,128,11,705.49,128,12,550.,128,13,39.,128,18,0.0,128,28,0.63,128,29,283.,128,33,,0,38,,0,41,,0
1H,1,2013/06/07 11:00:00,1,27.5,128,2,-0.02,66,3,0.028,128,4,3.6,66,5,6.8,66,6,10.4,66,7,1.9,128,8,23.78,128,9,30.93,128,10,56.71,128,11,705.43,128,12,546.,128,13,39.,128,18,0.0,128,28,0.78,128,29,266.,128,33,,0,38,,0,41,,0
1H,1,2013/06/07 11:05:00,1,27.6,128,2,26.73,67,3,0.029,128,4,123.2,67,5,-24.2,67,6,99.0,67,7,1.7,128,8,23.78,128,9,30.83,128,10,56.72,128,11,705.35,128,12,577.,128,13,34.,128,18,0.0,128,28,0.65,128,29,278.,128,33,,0,38,,0,41,,0
1H,1,2013/06/07 11:10:00,1,27.6,128,2,38.69,67,3,0.030,128,4,177.7,67,5,-18.9,67,6,158.8,67,7,1.6,128,8,23.83,128,9,30.85,128,10,56.85,128,11,705.34,128,12,585.,128,13,35.,128,18,0.0,128,28,0.56,128,29,281.,128,33,,0,38,,0,41,,0
1H,1,2013/06/07 11:15:00,1,27.4,128,2,38.74,67,3,0.031,128,4,182.0,67,5,-20.4,67,6,161.7,67,7,1.7,128,8,23.62,128,9,30.93,128,10,57.02,128,11,705.33,128,12,605.,128,13,35.,128,18,0.0,128,28,0.34,128,29,316.,128,33,,0,38,,0,41,,0
1H,1,2013/06/07 11:20:00,1,27.2,128,2,8.53,65,3,0.033,128,4,30.9,65,5,12.1,65,6,43.0,65,7,1.7,128,8,23.51,128,9,31.16,128,10,56.75,128,11,705.34,128,12,607.,128,13,35.,128,18,0.0,128,28,0.70,128,29,272.,128,33,,0,38,,0,41,,0
1H,1,2013/06/07 11:25:00,1,27.0,128,2,0.43,128,3,0.033,128,4,3.9,128,5,5.0,128,6,8.8,128,7,1.7,128,8,23.33,128,9,31.22,128,10,56.34,128,11,705.34,128,12,584.,128,13,35.,128,18,0.0,128,28,0.91,128,29,284.,128,33,,0,38,,0,41,,0
1H,1,2013/06/07 11:30:00,1,27.0,128,2,0.41,128,3,0.033,128,4,4.7,128,5,4.5,128,6,9.2,128,7,1.7,128,8,23.30,128,9,31.14,128,10,56.56,128,11,705.31,128,12,584.,128,13,35.,128,18,0.0,128,28,0.71,128,29,248.,128,33,,0,38,,0,41,,0
1H,1,2013/06/07 11:35:00,1,26.8,128,2,0.43,128,3,0.034,128,4,5.9,128,5,6.4,128,6,12.2,128,7,1.5,128,8,22.99,128,9,31.17,128,10,56.17,128,11,705.26,128,12,630.,128,13,35.,128,18,0.0,128,28,1.13,128,29,243.,128,33,,0,38,,0,41,,0
1H,1,2013/06/07 11:40:00,1,26.4,128,2,0.42,128,3,0.035,128,4,5.6,128,5,5.8,128,6,11.5,128,7,1.5,128,8,22.64,128,9,31.16,128,10,56.18,128,11,705.28,128,12,595.,128,13,35.,128,18,-0.1,128,28,0.45,128,29,276.,128,33,,0,38,,0,41,,0
1H,1,2013/06/07 11:45:00,1,26.2,128,2,0.39,128,3,0.036,128,4,4.3,128,5,4.5,128,6,8.8,128,7,1.4,128,8,22.55,128,9,31.39,128,10,55.53,128,11,705.21,128,12,626.,128,13,35.,128,18,0.0,128,28,0.68,128,29,229.,128,33,,0,38,,0,41,,0
1H,1,2013/06/07 11:50:00,1,25.9,128,2,0.40,128,3,0.036,128,4,2.8,128,5,6.0,128,6,8.8,128,7,1.4,128,8,22.47,128,9,31.70,128,10,54.55,128,11,705.20,128,12,731.,128,13,35.,128,18,0.0,128,28,0.53,128,29,275.,128,33,,0,38,,0,41,,0
1H,1,2013/06/07 11:55:00,1,25.8,128,2,0.38,129,3,0.035,128,4,2.3,128,5,7.4,128,6,9.7,128,7,1.3,64,8,22.52,128,9,31.79,128,10,54.32,128,11,705.11,128,12,814.,128,13,35.,128,18,-0.1,128,28,0.81,128,29,280.,128,33,,0,38,,0,41,,0
1H,1,2013/06/07 12:00:00,1,25.6,128,2,0.36,128,3,0.036,128,4,6.4,128,5,6.0,128,6,12.4,128,7,1.3,64,8,22.52,128,9,32.01,128,10,53.68,128,11,705.12,128,12,790.,128,13,35.,128,18,0.0,128,28,0.91,128,29,242.,128,33,,0,38,,0,41,,0
1H,1,2013/06/07 12:05:00,1,25.6,128,2,0.37,128,3,0.036,128,4,4.2,128,5,7.2,128,6,11.4,128,7,1.3,128,8,22.46,128,9,32.20,128,10,53.42,128,11,705.06,128,12,737.,128,13,47.,128,18,0.0,128,28,0.51,128,29,252.,128,33,,0,38,,0,41,,0
1H,1,2013/06/07 12:10:00,1,25.5,128,2,0.41,128,3,0.034,128,4,3.3,128,5,6.2,128,6,9.5,128,7,1.3,128,8,22.44,128,9,32.37,128,10,53.10,128,11,705.07,128,12,552.,128,13,52.,128,18,0.0,128,28,0.39,128,29,228.,128,33,,0,38,,0,41,,0
1H,1,2013/06/07 12:15:00,1,25.4,128,2,0.44,128,3,0.034,128,4,3.5,128,5,4.4,128,6,7.9,128,7,1.4,128,8,22.39,128,9,32.48,128,10,52.62,128,11,705.09,128,12,526.,128,13,52.,128,18,0.0,128,28,0.75,128,29,191.,128,33,,0,38,,0,41,,0
1H,1,2013/06/07 12:20:00,1,25.4,128,2,0.47,128,3,0.036,128,4,3.7,128,5,6.2,128,6,10.0,128,7,1.3,128,8,22.55,128,9,32.24,128,10,52.74,128,11,705.06,128,12,649.,128,13,52.,128,18,0.0,128,28,1.22,128,29,209.,128,33,,0,38,,0,41,,0
1H,1,2013/06/07 12:25:00,1,25.4,128,2,0.43,128,3,0.037,128,4,1.4,128,5,6.9,128,6,8.2,128,7,1.3,128,8,22.60,128,9,31.84,128,10,53.37,128,11,705.00,128,12,657.,128,13,52.,128,18,0.0,128,28,1.12,128,29,186.,128,33,,0,38,,0,41,,0
1H,1,2013/06/07 12:30:00,1,25.3,128,2,0.43,128,3,0.037,128,4,3.4,128,5,5.3,128,6,8.7,128,7,1.4,128,8,22.38,128,9,31.61,128,10,54.31,128,11,704.96,128,12,829.,128,13,52.,128,18,0.0,128,28,1.01,128,29,229.,128,33,,0,38,,0,41,,0
