1H,1,2013/06/06 00:00:00,1,25.8,128,2,0.28,128,3,0.023,128,4,2.1,128,5,4.3,128,6,6.4,128,7,0.7,64,8,22.84,128,9,26.91,128,10,65.49,128,11,704.79,128,12,51.,128,13,48.,128,18,0.0,128,28,1.59,128,29,272.,128,33,,0,38,,0,41,,0
1H,1,2013/06/06 00:05:00,1,25.8,128,2,0.30,128,3,0.024,128,4,3.4,128,5,4.5,128,6,8.0,128,7,0.7,129,8,22.84,128,9,26.68,128,10,66.51,128,11,704.92,128,12,51.,128,13,40.,128,18,0.0,128,28,1.48,128,29,271.,128,33,,0,38,,0,41,,0
1H,1,2013/06/06 00:10:00,1,25.9,128,2,0.31,128,3,0.024,128,4,5.0,128,5,4.6,128,6,9.6,128,7,0.7,128,8,22.79,128,9,26.55,128,10,67.15,128,11,704.75,128,12,50.,128,13,41.,128,18,0.0,128,28,1.09,128,29,245.,128,33,,0,38,,0,41,,0
1H,1,2013/06/06 00:15:00,1,25.8,128,2,0.35,128,3,0.022,128,4,3.8,128,5,8.8,128,6,12.7,128,7,0.5,128,8,22.87,128,9,26.67,128,10,66.84,128,11,704.65,128,12,50.,128,13,41.,128,18,0.0,128,28,1.09,128,29,247.,128,33,,0,38,,0,41,,0
1H,1,2013/06/06 00:20:00,1,25.9,128,2,0.36,128,3,0.022,128,4,5.0,128,5,7.4,128,6,12.3,128,7,0.4,128,8,22.92,128,9,26.74,128,10,66.51,128,11,704.55,128,12,50.,128,13,41.,128,18,0.0,128,28,1.29,128,29,226.,128,33,,0,38,,0,41,,0
1H,1,2013/06/06 00:25:00,1,25.8,128,2,0.35,128,3,0.022,128,4,3.2,128,5,7.3,128,6,10.6,128,7,0.7,128,8,22.83,128,9,26.82,128,10,66.07,128,11,704.55,128,12,50.,128,13,41.,128,18,0.0,128,28,0.95,128,29,266.,128,33,,0,38,,0,41,,0
1H,1,2013/06/06 00:30:00,1,25.8,128,2,0.33,128,3,0.022,128,4,2.0,128,5,6.9,128,6,8.9,128,7,0.6,128,8,22.93,128,9,26.83,128,10,66.05,128,11,704.70,128,12,50.,128,13,41.,128,18,0.0,128,28,0.51,128,29,243.,128,33,,0,38,,0,41,,0
1H,1,2013/06/06 00:35:00,1,25.7,128,2,0.34,128,3,0.022,128,4,2.8,128,5,7.3,128,6,10.0,128,7,0.5,128,8,22.89,128,9,26.94,128,10,65.78,128,11,704.68,128,12,50.,128,13,41.,128,18,0.0,128,28,0.59,128,29,287.,128,33,,0,38,,0,41,,0
1H,1,2013/06/06 00:40:00,1,25.7,128,2,0.31,128,3,0.022,128,4,3.4,128,5,5.6,128,6,9.0,128,7,0.5,128,8,22.91,128,9,26.94,128,10,65.62,128,11,704.64,128,12,50.,128,13,41.,128,18,0.0,128,28,0.88,128,29,272.,128,33,,0,38,,0,41,,0
1H,1,2013/06/06 00:45:00,1,25.6,128,2,0.31,128,3,0.022,128,4,1.2,128,5,6.0,128,6,7.2,128,7,0.8,128,8,22.82,128,9,26.74,128,10,65.90,128,11,704.83,128,12,50.,128,13,41.,128,18,0.0,128,28,1.02,128,29,307.,128,33,,0,38,,0,41,,0
1H,1,2013/06/06 00:50:00,1,25.5,128,2,0.31,128,3,0.022,128,4,4.2,128,5,5.7,128,6,9.9,128,7,0.8,128,8,22.66,128,9,26.55,128,10,67.06,128,11,705.15,128,12,50.,128,13,41.,128,18,-0.2,128,28,1.59,128,29,359.,128,33,,0,38,,0,41,,0
1H,1,2013/06/06 00:55:00,1,25.5,128,2,0.31,128,3,0.022,128,4,4.1,128,5,6.9,128,6,10.9,128,7,0.8,128,8,22.71,128,9,26.44,128,10,67.72,128,11,705.29,128,12,50.,128,13,41.,128,18,-0.1,128,28,1.56,128,29,348.,128,33,,0,38,,0,41,,0
1H,1,2013/06/06 01:00:00,1,25.6,128,2,0.34,128,3,0.021,128,4,5.3,128,5,4.2,128,6,9.4,128,7,0.9,128,8,22.93,128,9,26.40,128,10,68.33,128,11,705.25,128,12,51.,128,13,41.,128,18,-0.1,128,28,1.70,128,29,360.,128,33,,0,38,,0,41,,0
1H,1,2013/06/06 01:05:00,1,25.8,128,2,0.40,128,3,0.020,128,4,4.4,128,5,5.0,128,6,9.4,128,7,0.9,128,8,23.45,128,9,26.42,128,10,68.46,128,11,705.23,128,12,51.,128,13,42.,128,18,-0.2,128,28,1.64,128,29,7.,128,33,,0,38,,0,41,,0
1H,1,2013/06/06 01:10:00,1,26.0,128,2,0.43,128,3,0.018,128,4,0.4,128,5,6.6,128,6,7.0,128,7,1.0,128,8,23.80,128,9,26.41,128,10,68.54,128,11,705.23,128,12,50.,128,13,45.,128,18,-0.2,128,28,1.65,128,29,1.,128,33,,0,38,,0,41,,0
1H,1,2013/06/06 01:15:00,1,26.2,128,2,0.43,128,3,0.016,128,4,3.4,128,5,6.0,128,6,9.4,128,7,0.8,128,8,23.96,128,9,26.42,128,10,68.54,128,11,705.19,128,12,50.,128,13,44.,128,18,-0.1,128,28,1.62,128,29,358.,128,33,,0,38,,0,41,,0
1H,1,2013/06/06 01:20:00,1,26.3,128,2,0.39,128,3,0.016,128,4,2.3,128,5,5.6,128,6,7.9,128,7,0.7,128,8,23.96,128,9,26.37,128,10,68.89,128,11,705.24,128,12,50.,128,13,44.,128,18,-0.3,128,28,1.38,128,29,344.,128,33,,0,38,,0,41,,0
1H,1,2013/06/06 01:25:00,1,26.4,128,2,0.37,128,3,0.016,128,4,2.9,128,5,4.6,128,6,7.5,128,7,0.8,128,8,24.14,128,9,25.72,128,10,73.12,128,11,705.31,128,12,86.,128,13,44.,128,18,-0.3,128,28,2.23,128,29,4.,128,33,,0,38,,0,41,,0
1H,1,2013/06/06 01:30:00,1,26.7,128,2,0.37,128,3,0.015,128,4,2.3,128,5,3.1,128,6,5.5,128,7,0.7,128,8,24.70,128,9,24.24,128,10,80.15,128,11,705.26,128,12,71.,128,13,44.,128,18,-0.2,128,28,2.29,128,29,32.,128,33,,0,38,,0,41,,0
1H,1,2013/06/06 01:35:00,1,27.3,128,2,0.38,128,3,0.013,128,4,3.9,128,5,4.3,128,6,8.2,128,7,0.8,128,8,25.68,128,9,23.56,128,10,84.65,128,11,705.16,128,12,44.,128,13,44.,128,18,-0.2,128,28,1.94,128,29,34.,128,33,,0,38,,0,41,,0
1H,1,2013/06/06 01:40:00,1,28.0,128,2,0.39,128,3,0.012,128,4,0.9,128,5,5.9,128,6,6.8,128,7,0.8,128,8,26.74,128,9,23.22,128,10,86.30,128,11,705.15,128,12,44.,128,13,44.,128,18,0.1,128,28,1.57,128,29,60.,128,33,,0,38,,0,41,,0
1H,1,2013/06/06 01:45:00,1,28.7,128,2,0.39,128,3,0.011,128,4,2.3,128,5,4.6,128,6,6.9,128,7,1.0,128,8,27.57,128,9,23.08,128,10,87.31,128,11,705.08,128,12,44.,128,13,44.,128,18,0.0,128,28,1.17,128,29,66.,128,33,,0,38,,0,41,,0
1H,1,2013/06/06 01:50:00,1,29.4,128,2,0.41,128,3,0.009,128,4,2.1,128,5,3.0,128,6,5.1,128,7,1.1,128,8,28.16,128,9,22.95,128,10,87.74,128,11,705.06,128,12,42.,128,13,44.,128,18,0.1,128,28,1.66,128,29,65.,128,33,,0,38,,0,41,,0
1H,1,2013/06/06 01:55:00,1,30.0,128,2,0.41,128,3,0.007,128,4,2.6,128,5,2.7,128,6,5.3,128,7,1.1,128,8,28.70,128,9,22.84,128,10,88.40,128,11,705.02,128,12,45.,128,13,44.,128,18,0.0,128,28,1.13,128,29,69.,128,33,,0,38,,0,41,,0
1H,1,2013/06/06 02:00:00,1,30.6,128,2,0.42,128,3,0.005,128,4,5.4,128,5,2.7,128,6,8.1,128,7,1.0,128,8,29.17,128,9,22.89,128,10,88.87,128,11,705.03,128,12,48.,128,13,44.,128,18,0.0,128,28,0.86,128,29,72.,128,33,,0,38,,0,41,,0
1H,1,2013/06/06 02:05:00,1,31.2,128,2,0.45,128,3,0.009,128,4,2.6,128,5,8.4,128,6,11.0,128,7,1.0,128,8,29.57,128,9,22.91,128,10,89.34,128,11,705.02,128,12,48.,128,13,35.,128,18,0.0,128,28,0.35,128,29,134.,128,33,,0,38,,0,41,,0
1H,1,2013/06/06 02:10:00,1,31.6,128,2,0.46,128,3,0.016,128,4,3.3,128,5,5.1,128,6,8.4,128,7,1.1,128,8,29.95,128,9,23.10,128,10,89.76,128,11,704.94,128,12,50.,128,13,35.,128,18,0.0,128,28,0.40,128,29,136.,128,33,,0,38,,0,41,,0
1H,1,2013/06/06 02:15:00,1,32.1,128,2,0.49,129,3,0.023,128,4,5.3,128,5,2.9,128,6,8.2,128,7,1.0,128,8,30.22,128,9,23.15,128,10,89.65,128,11,704.77,128,12,47.,128,13,35.,128,18,0.0,128,28,0.45,128,29,157.,128,33,,0,38,,0,41,,0
1H,1,2013/06/06 02:20:00,1,32.4,128,2,0.37,129,3,0.027,128,4,2.9,128,5,5.5,128,6,8.4,128,7,1.0,128,8,29.87,128,9,23.09,128,10,89.61,128,11,704.68,128,12,24.,128,13,35.,128,18,0.0,128,28,0.24,128,29,13.,128,33,,0,38,,0,41,,0
1H,1,2013/06/06 02:25:00,1,32.2,128,2,0.34,128,3,0.028,128,4,0.8,128,5,5.3,128,6,6.1,128,7,0.9,128,8,28.68,128,9,23.14,128,10,89.90,128,11,704.60,128,12,26.,128,13,35.,128,18,0.0,128,28,0.44,128,29,158.,128,33,,0,38,,0,41,,0
1H,1,2013/06/06 02:30:00,1,31.8,128,2,0.34,128,3,0.028,128,4,0.9,128,5,3.6,128,6,4.5,128,7,1.1,128,8,27.61,128,9,23.10,128,10,89.98,128,11,704.62,128,12,34.,128,13,35.,128,18,0.0,128,28,0.68,128,29,170.,128,33,,0,38,,0,41,,0
1H,1,2013/06/06 02:35:00,1,31.3,128,2,0.34,128,3,0.028,128,4,2.7,128,5,4.3,128,6,7.0,128,7,1.1,128,8,26.91,128,9,23.05,128,10,90.04,128,11,704.67,128,12,37.,128,13,35.,128,18,0.0,128,28,0.88,128,29,184.,128,33,,0,38,,0,41,,0
1H,1,2013/06/06 02:40:00,1,30.8,128,2,0.34,128,3,0.026,128,4,3.0,128,5,5.5,128,6,8.5,128,7,0.8,128,8,26.25,128,9,23.11,128,10,90.04,128,11,704.55,128,12,42.,128,13,35.,128,18,0.0,128,28,0.92,128,29,187.,128,33,,0,38,,0,41,,0
1H,1,2013/06/06 02:45:00,1,30.4,128,2,0.34,128,3,0.024,128,4,5.1,128,5,6.0,128,6,11.1,128,7,0.5,128,8,25.90,128,9,23.13,128,10,90.05,128,11,704.55,128,12,49.,128,13,35.,128,18,0.0,128,28,1.15,128,29,184.,128,33,,0,38,,0,41,,0
1H,1,2013/06/06 02:50:00,1,29.9,128,2,0.33,128,3,0.030,67,4,2.8,128,5,5.6,128,6,8.5,128,7,0.7,128,8,25.52,128,9,23.11,128,10,90.05,128,11,704.52,128,12,52.,128,13,35.,128,18,0.0,128,28,1.11,128,29,183.,128,33,,0,38,,0,41,,0
1H,1,2013/06/06 02:55:00,1,29.4,128,2,0.31,128,3,0.146,67,4,5.3,128,5,4.0,128,6,9.3,128,7,0.8,128,8,25.19,128,9,23.11,128,10,90.05,128,11,704.34,128,12,58.,128,13,35.,128,18,0.0,128,28,1.37,128,29,175.,128,33,,0,38,,0,41,,0
1H,1,2013/06/06 03:00:00,1,29.2,128,2,0.29,128,3,0.169,67,4,5.3,128,5,3.5,128,6,8.9,128,7,0.8,128,8,24.99,128,9,23.10,128,10,90.05,128,11,704.25,128,12,65.,128,13,35.,128,18,0.0,128,28,1.30,128,29,173.,128,33,,0,38,,0,41,,0
1H,1,2013/06/06 03:05:00,1,28.9,128,2,0.28,128,3,0.064,66,4,1.8,128,5,4.6,128,6,6.4,128,7,1.0,128,8,24.79,128,9,23.02,128,10,90.05,128,11,704.11,128,12,67.,128,13,38.,128,18,0.0,128,28,1.47,128,29,177.,128,33,,0,38,,0,41,,0
1H,1,2013/06/06 03:10:00,1,28.6,128,2,0.27,128,3,-0.001,66,4,3.5,128,5,4.8,128,6,8.2,128,7,0.6,128,8,24.60,128,9,23.01,128,10,90.06,128,11,704.10,128,12,61.,128,13,40.,128,18,0.0,128,28,1.27,128,29,180.,128,33,,0,38,,0,41,,0
1H,1,2013/06/06 03:15:00,1,28.4,128,2,0.27,129,3,0.006,65,4,4.6,128,5,3.1,128,6,7.7,128,7,0.3,128,8,24.42,128,9,23.08,128,10,90.06,128,11,704.06,128,12,61.,128,13,40.,128,18,0.1,128,28,1.32,128,29,185.,128,33,,0,38,,0,41,,0
1H,1,2013/06/06 03:20:00,1,28.1,128,2,0.29,129,3,0.019,128,4,5.1,128,5,3.5,128,6,8.7,128,7,0.3,128,8,24.27,128,9,23.13,128,10,90.07,128,11,704.09,128,12,63.,128,13,40.,128,18,0.0,128,28,1.31,128,29,190.,128,33,,0,38,,0,41,,0
1H,1,2013/06/06 03:25:00,1,27.9,128,2,0.33,128,3,0.022,128,4,4.0,128,5,5.6,128,6,9.6,128,7,0.1,128,8,24.19,128,9,23.16,128,10,90.06,128,11,704.05,128,12,60.,128,13,40.,128,18,0.0,128,28,1.45,128,29,203.,128,33,,0,38,,0,41,,0
1H,1,2013/06/06 03:30:00,1,27.7,128,2,0.33,128,3,0.022,128,4,0.9,128,5,5.3,128,6,6.2,128,7,0.4,128,8,24.11,128,9,23.12,128,10,90.08,128,11,704.03,128,12,64.,128,13,40.,128,18,0.0,128,28,1.57,128,29,204.,128,33,,0,38,,0,41,,0
1H,1,2013/06/06 03:35:00,1,27.5,128,2,0.32,128,3,0.022,128,4,5.4,128,5,4.5,128,6,9.9,128,7,0.7,128,8,23.99,128,9,23.05,128,10,90.07,128,11,704.09,128,12,66.,128,13,40.,128,18,0.0,128,28,1.10,128,29,227.,128,33,,0,38,,0,41,,0
1H,1,2013/06/06 03:40:00,1,27.4,128,2,0.31,128,3,0.021,128,4,7.9,128,5,4.3,128,6,12.2,128,7,0.9,128,8,23.86,128,9,23.15,128,10,90.08,128,11,704.15,128,12,64.,128,13,40.,128,18,0.0,128,28,0.68,128,29,248.,128,33,,0,38,,0,41,,0
1H,1,2013/06/06 03:45:00,1,27.2,128,2,0.30,128,3,0.020,128,4,3.3,128,5,5.1,128,6,8.4,128,7,0.7,128,8,23.76,128,9,23.18,128,10,90.07,128,11,704.20,128,12,68.,128,13,40.,128,18,0.0,128,28,0.90,128,29,262.,128,33,,0,38,,0,41,,0
1H,1,2013/06/06 03:50:00,1,27.0,128,2,0.29,128,3,0.021,128,4,3.8,128,5,5.0,128,6,8.8,128,7,1.0,128,8,23.76,128,9,23.14,128,10,90.07,128,11,704.21,128,12,67.,128,13,40.,128,18,0.0,128,28,0.94,128,29,267.,128,33,,0,38,,0,41,,0
1H,1,2013/06/06 03:55:00,1,26.9,128,2,0.28,128,3,0.020,128,4,3.6,128,5,4.4,128,6,7.9,128,7,0.9,128,8,23.73,128,9,23.04,128,10,90.06,128,11,704.44,128,12,62.,128,13,40.,128,18,0.0,128,28,0.80,128,29,281.,128,33,,0,38,,0,41,,0
1H,1,2013/06/06 04:00:00,1,26.9,128,2,0.28,128,3,0.020,128,4,4.2,128,5,4.2,128,6,8.4,128,7,0.5,128,8,23.70,128,9,22.99,128,10,90.06,128,11,704.54,128,12,62.,128,13,40.,128,18,0.0,128,28,0.88,128,29,281.,128,33,,0,38,,0,41,,0
1H,1,2013/06/06 04:05:00,1,26.9,128,2,0.28,128,3,0.019,128,4,5.3,128,5,4.3,128,6,9.6,128,7,0.5,128,8,23.73,128,9,23.02,128,10,90.06,128,11,704.65,128,12,62.,128,13,30.,128,18,0.0,128,28,1.05,128,29,264.,128,33,,0,38,,0,41,,0
1H,1,2013/06/06 04:10:00,1,26.9,128,2,0.28,128,3,0.019,128,4,2.3,128,5,5.2,128,6,7.5,128,7,0.8,128,8,23.71,128,9,23.06,128,10,90.06,128,11,704.68,128,12,63.,128,13,29.,128,18,0.0,128,28,1.06,128,29,262.,128,33,,0,38,,0,41,,0
1H,1,2013/06/06 04:15:00,1,26.9,128,2,0.28,129,3,0.018,128,4,1.2,128,5,6.0,128,6,7.2,128,7,0.7,128,8,23.76,128,9,23.08,128,10,90.06,128,11,704.75,128,12,60.,128,13,29.,128,18,0.0,128,28,0.98,128,29,260.,128,33,,0,38,,0,41,,0
1H,1,2013/06/06 04:20:00,1,26.8,128,2,0.29,129,3,0.018,128,4,4.9,128,5,4.8,128,6,9.8,128,7,0.5,128,8,23.74,128,9,23.09,128,10,90.06,128,11,704.75,128,12,59.,128,13,29.,128,18,0.0,128,28,1.10,128,29,262.,128,33,,0,38,,0,41,,0
1H,1,2013/06/06 04:25:00,1,26.7,128,2,0.32,128,3,0.018,128,4,6.9,128,5,7.6,128,6,14.6,128,7,0.6,128,8,23.74,128,9,23.20,128,10,90.07,128,11,704.76,128,12,58.,128,13,29.,128,18,0.0,128,28,0.71,128,29,250.,128,33,,0,38,,0,41,,0
1H,1,2013/06/06 04:30:00,1,26.7,128,2,0.33,128,3,0.017,128,4,1.5,128,5,5.5,128,6,7.0,128,7,0.6,128,8,23.72,128,9,23.31,128,10,90.08,128,11,704.81,128,12,57.,128,13,29.,128,18,0.0,128,28,1.04,128,29,244.,128,33,,0,38,,0,41,,0
1H,1,2013/06/06 04:35:00,1,26.6,128,2,0.34,128,3,0.016,128,4,3.4,128,5,7.9,128,6,11.3,128,7,0.5,128,8,23.78,128,9,23.42,128,10,90.09,128,11,704.94,128,12,58.,128,13,29.,128,18,-0.1,128,28,0.68,128,29,234.,128,33,,0,38,,0,41,,0
1H,1,2013/06/06 04:40:00,1,26.6,128,2,0.34,128,3,0.015,128,4,5.0,128,5,5.9,128,6,10.9,128,7,0.8,128,8,23.91,128,9,23.48,128,10,90.10,128,11,704.88,128,12,59.,128,13,29.,128,18,0.0,128,28,1.02,128,29,252.,128,33,,0,38,,0,41,,0
1H,1,2013/06/06 04:45:00,1,26.6,128,2,0.34,128,3,0.014,128,4,3.3,128,5,5.9,128,6,9.2,128,7,0.8,128,8,23.97,128,9,23.47,128,10,90.09,128,11,704.92,128,12,59.,128,13,29.,128,18,-0.1,128,28,1.07,128,29,236.,128,33,,0,38,,0,41,,0
1H,1,2013/06/06 04:50:00,1,26.6,128,2,0.31,128,3,0.015,128,4,2.5,128,5,4.7,128,6,7.2,128,7,0.7,128,8,24.19,128,9,23.43,128,10,90.06,128,11,704.82,128,12,61.,128,13,29.,128,18,0.0,128,28,1.33,128,29,227.,128,33,,0,38,,0,41,,0
1H,1,2013/06/06 04:55:00,1,26.7,128,2,0.31,128,3,0.014,128,4,3.2,128,5,2.9,128,6,6.1,128,7,0.8,128,8,24.25,128,9,23.38,128,10,90.01,128,11,704.84,128,12,54.,128,13,29.,128,18,0.0,128,28,1.37,128,29,213.,128,33,,0,38,,0,41,,0
1H,1,2013/06/06 05:00:00,1,26.8,128,2,0.31,128,3,0.015,128,4,3.4,128,5,4.9,128,6,8.3,128,7,1.0,128,8,24.37,128,9,23.35,128,10,89.91,128,11,704.70,128,12,49.,128,13,29.,128,18,0.0,128,28,1.50,128,29,212.,128,33,,0,38,,0,41,,0
1H,1,2013/06/06 05:05:00,1,27.0,128,2,0.31,128,3,0.014,128,4,4.0,128,5,3.9,128,6,7.9,128,7,0.9,128,8,24.54,128,9,23.35,128,10,89.95,128,11,704.72,128,12,51.,128,13,32.,128,18,0.0,128,28,1.39,128,29,219.,128,33,,0,38,,0,41,,0
1H,1,2013/06/06 05:10:00,1,27.2,128,2,0.33,128,3,0.014,128,4,5.3,128,5,3.3,128,6,8.6,128,7,1.0,128,8,24.66,128,9,23.37,128,10,89.77,128,11,704.81,128,12,49.,128,13,33.,128,18,0.0,128,28,1.37,128,29,222.,128,33,,0,38,,0,41,,0
1H,1,2013/06/06 05:15:00,1,27.3,128,2,0.35,128,3,0.014,128,4,3.2,128,5,4.9,128,6,8.1,128,7,1.2,128,8,24.74,128,9,23.38,128,10,89.54,128,11,704.75,128,12,49.,128,13,33.,128,18,-0.1,128,28,1.22,128,29,233.,128,33,,0,38,,0,41,,0
1H,1,2013/06/06 05:20:00,1,27.3,128,2,0.34,128,3,0.013,128,4,3.2,128,5,5.8,128,6,8.9,128,7,1.0,128,8,24.79,128,9,23.36,128,10,88.84,128,11,704.71,128,12,49.,128,13,33.,128,18,0.0,128,28,0.78,128,29,219.,128,33,,0,38,,0,41,,0
1H,1,2013/06/06 05:25:00,1,27.3,128,2,0.36,128,3,0.013,128,4,3.6,128,5,4.6,128,6,8.2,128,7,0.8,128,8,24.86,128,9,23.36,128,10,88.41,128,11,704.70,128,12,49.,128,13,33.,128,18,0.0,128,28,1.11,128,29,213.,128,33,,0,38,,0,41,,0
1H,1,2013/06/06 05:30:00,1,27.4,128,2,0.34,128,3,0.013,128,4,2.3,128,5,5.7,128,6,8.0,128,7,0.8,128,8,24.97,128,9,23.36,128,10,87.88,128,11,704.71,128,12,50.,128,13,33.,128,18,0.0,128,28,1.36,128,29,209.,128,33,,0,38,,0,41,,0
1H,1,2013/06/06 05:35:00,1,27.5,128,2,0.33,128,3,0.014,128,4,4.8,128,5,2.6,128,6,7.4,128,7,0.8,128,8,25.03,128,9,23.24,128,10,87.63,128,11,704.58,128,12,49.,128,13,33.,128,18,0.0,128,28,1.07,128,29,236.,128,33,,0,38,,0,41,,0
1H,1,2013/06/06 05:40:00,1,27.6,128,2,0.35,128,3,0.013,128,4,4.2,128,5,6.5,128,6,10.7,128,7,0.5,128,8,25.07,128,9,23.21,128,10,87.78,128,11,704.51,128,12,48.,128,13,33.,128,18,0.0,128,28,1.39,128,29,216.,128,33,,0,38,,0,41,,0
1H,1,2013/06/06 05:45:00,1,27.7,128,2,0.35,128,3,0.013,128,4,3.5,128,5,7.2,128,6,10.8,128,7,0.5,128,8,25.10,128,9,23.22,128,10,87.52,128,11,704.45,128,12,48.,128,13,33.,128,18,0.0,128,28,1.19,128,29,239.,128,33,,0,38,,0,41,,0
1H,1,2013/06/06 05:50:00,1,27.7,128,2,0.36,128,3,0.012,128,4,4.8,128,5,6.0,128,6,10.8,128,7,0.3,128,8,25.18,128,9,23.31,128,10,87.24,128,11,704.49,128,12,49.,128,13,33.,128,18,-0.1,128,28,1.15,128,29,241.,128,33,,0,38,,0,41,,0
1H,1,2013/06/06 05:55:00,1,27.7,128,2,0.36,129,3,0.011,128,4,4.4,128,5,6.4,128,6,10.7,128,7,0.3,64,8,25.22,128,9,23.37,128,10,86.66,128,11,704.58,128,12,50.,128,13,33.,128,18,-0.1,128,28,1.44,128,29,254.,128,33,,0,38,,0,41,,0
1H,1,2013/06/06 06:00:00,1,27.8,128,2,0.35,128,3,0.011,128,4,3.8,128,5,6.9,128,6,10.7,128,7,0.3,64,8,25.24,128,9,23.37,128,10,86.48,128,11,704.59,128,12,54.,128,13,33.,128,18,-0.1,128,28,1.22,128,29,256.,128,33,,0,38,,0,41,,0
1H,1,2013/06/06 06:05:00,1,27.9,128,2,0.38,128,3,0.010,128,4,4.8,128,5,4.2,128,6,9.0,128,7,0.3,129,8,25.35,128,9,23.46,128,10,86.16,128,11,704.58,128,12,60.,128,13,30.,128,18,0.0,128,28,1.67,128,29,263.,128,33,,0,38,,0,41,,0
1H,1,2013/06/06 06:10:00,1,28.1,128,2,0.37,128,3,0.010,128,4,4.9,128,5,6.2,128,6,11.1,128,7,0.5,128,8,25.40,128,9,23.47,128,10,85.99,128,11,704.61,128,12,63.,128,13,30.,128,18,0.0,128,28,1.59,128,29,269.,128,33,,0,38,,0,41,,0
1H,1,2013/06/06 06:15:00,1,28.1,128,2,0.36,128,3,0.011,128,4,4.6,128,5,6.9,128,6,11.6,128,7,0.8,128,8,25.42,128,9,23.39,128,10,85.82,128,11,704.69,128,12,64.,128,13,30.,128,18,0.0,128,28,2.11,128,29,268.,128,33,,0,38,,0,41,,0
1H,1,2013/06/06 06:20:00,1,28.1,128,2,0.33,128,3,0.011,128,4,5.1,128,5,4.7,128,6,9.8,128,7,0.8,128,8,25.42,128,9,23.35,128,10,85.98,128,11,704.87,128,12,67.,128,13,30.,128,18,0.0,128,28,1.41,128,29,273.,128,33,,0,38,,0,41,,0
1H,1,2013/06/06 06:25:00,1,28.1,128,2,0.33,128,3,0.011,128,4,3.8,128,5,3.2,128,6,7.0,128,7,0.7,128,8,25.40,128,9,23.35,128,10,86.13,128,11,704.89,128,12,71.,128,13,30.,128,18,0.0,128,28,1.30,128,29,284.,128,33,,0,38,,0,41,,0
1H,1,2013/06/06 06:30:00,1,28.0,128,2,0.34,128,3,0.011,128,4,3.6,128,5,5.3,128,6,8.9,128,7,0.9,128,8,25.37,128,9,23.35,128,10,86.14,128,11,704.82,128,12,73.,128,13,30.,128,18,0.0,128,28,1.67,128,29,267.,128,33,,0,38,,0,41,,0
1H,1,2013/06/06 06:35:00,1,28.0,128,2,0.35,128,3,0.011,128,4,3.5,128,5,6.2,128,6,9.7,128,7,1.0,128,8,25.39,128,9,23.38,128,10,86.16,128,11,704.88,128,12,77.,128,13,30.,128,18,0.0,128,28,1.90,128,29,268.,128,33,,0,38,,0,41,,0
1H,1,2013/06/06 06:40:00,1,28.1,128,2,0.37,128,3,0.012,128,4,4.4,128,5,2.7,128,6,7.1,128,7,1.1,128,8,25.42,128,9,23.42,128,10,86.26,128,11,704.92,128,12,81.,128,13,30.,128,18,0.0,128,28,1.52,128,29,259.,128,33,,0,38,,0,41,,0
1H,1,2013/06/06 06:45:00,1,28.1,128,2,0.37,128,3,0.011,128,4,2.6,128,5,4.4,128,6,6.9,128,7,0.9,128,8,25.40,128,9,23.51,128,10,86.26,128,11,704.87,128,12,85.,128,13,30.,128,18,0.0,128,28,1.35,128,29,262.,128,33,,0,38,,0,41,,0
1H,1,2013/06/06 06:50:00,1,28.1,128,2,0.36,128,3,0.011,128,4,4.1,128,5,3.1,128,6,7.2,128,7,0.8,128,8,25.39,128,9,23.54,128,10,86.18,128,11,704.85,128,12,88.,128,13,30.,128,18,0.0,128,28,1.02,128,29,265.,128,33,,0,38,,0,41,,0
1H,1,2013/06/06 06:55:00,1,28.2,128,2,0.36,128,3,0.010,128,4,3.2,128,5,5.9,128,6,9.1,128,7,0.7,128,8,25.49,128,9,23.61,128,10,85.83,128,11,704.83,128,12,91.,128,13,30.,128,18,0.0,128,28,1.26,128,29,267.,128,33,,0,38,,0,41,,0
1H,1,2013/06/06 07:00:00,1,28.2,128,2,0.38,128,3,0.009,128,4,3.8,128,5,4.0,128,6,7.8,128,7,0.6,128,8,25.50,128,9,23.67,128,10,85.75,128,11,704.95,128,12,95.,128,13,30.,128,18,0.0,128,28,1.21,128,29,269.,128,33,,0,38,,0,41,,0
1H,1,2013/06/06 07:05:00,1,28.2,128,2,0.39,128,3,0.009,128,4,6.0,128,5,6.1,128,6,12.1,128,7,0.7,128,8,25.57,128,9,23.69,128,10,85.77,128,11,705.08,128,12,96.,128,13,32.,128,18,0.0,128,28,0.91,128,29,288.,128,33,,0,38,,0,41,,0
1H,1,2013/06/06 07:10:00,1,28.3,128,2,0.42,128,3,0.008,128,4,5.3,128,5,7.4,128,6,12.7,128,7,1.0,128,8,25.57,128,9,23.70,128,10,85.72,128,11,705.08,128,12,93.,128,13,33.,128,18,0.0,128,28,0.85,128,29,292.,128,33,,0,38,,0,41,,0
1H,1,2013/06/06 07:15:00,1,28.2,128,2,0.44,128,3,0.007,128,4,4.1,128,5,9.5,128,6,13.6,128,7,0.7,128,8,25.46,128,9,23.75,128,10,85.56,128,11,705.19,128,12,81.,128,13,33.,128,18,0.0,128,28,1.08,128,29,298.,128,33,,0,38,,0,41,,0
1H,1,2013/06/06 07:20:00,1,28.3,128,2,0.45,128,3,0.007,128,4,4.5,128,5,4.8,128,6,9.3,128,7,1.0,128,8,25.50,128,9,23.79,128,10,85.43,128,11,705.24,128,12,64.,128,13,33.,128,18,0.0,128,28,0.79,128,29,289.,128,33,,0,38,,0,41,,0
1H,1,2013/06/06 07:25:00,1,28.4,128,2,0.47,128,3,0.007,128,4,5.0,128,5,6.8,128,6,11.8,128,7,1.0,128,8,25.54,128,9,23.79,128,10,85.43,128,11,705.42,128,12,56.,128,13,33.,128,18,-0.2,128,28,1.03,128,29,334.,128,33,,0,38,,0,41,,0
1H,1,2013/06/06 07:30:00,1,28.5,128,2,0.42,128,3,0.008,128,4,2.7,128,5,5.4,128,6,8.1,128,7,0.6,128,8,25.62,128,9,23.66,128,10,85.33,128,11,705.51,128,12,63.,128,13,33.,128,18,-0.4,128,28,1.36,128,29,327.,128,33,,0,38,,0,41,,0
1H,1,2013/06/06 07:35:00,1,28.5,128,2,0.39,128,3,0.010,128,4,-2.8,128,5,2.6,128,6,-0.2,128,7,0.8,128,8,25.65,128,9,23.52,128,10,85.44,128,11,705.57,128,12,82.,128,13,33.,128,18,0.0,128,28,1.17,128,29,304.,128,33,,0,38,,0,41,,0
1H,1,2013/06/06 07:40:00,1,28.6,128,2,0.39,128,3,0.012,128,4,3.6,128,5,2.7,128,6,6.3,128,7,0.8,128,8,25.64,128,9,23.49,128,10,85.65,128,11,705.66,128,12,110.,128,13,33.,128,18,0.0,128,28,0.97,128,29,303.,128,33,,0,38,,0,41,,0
1H,1,2013/06/06 07:45:00,1,28.6,128,2,0.41,128,3,0.012,128,4,5.0,128,5,4.6,128,6,9.6,128,7,0.6,128,8,25.65,128,9,23.45,128,10,85.52,128,11,705.67,128,12,129.,128,13,33.,128,18,0.0,128,28,0.94,128,29,313.,128,33,,0,38,,0,41,,0
1H,1,2013/06/06 07:50:00,1,28.6,128,2,0.44,128,3,0.012,128,4,2.4,128,5,6.3,128,6,8.7,128,7,0.5,128,8,25.63,128,9,23.48,128,10,85.39,128,11,705.68,128,12,142.,128,13,33.,128,18,0.0,128,28,0.94,128,29,291.,128,33,,0,38,,0,41,,0
1H,1,2013/06/06 07:55:00,1,28.6,128,2,0.47,128,3,0.012,128,4,4.4,128,5,7.7,128,6,12.1,128,7,0.9,128,8,25.65,128,9,23.51,128,10,85.44,128,11,705.70,128,12,155.,128,13,33.,128,18,0.0,128,28,1.21,128,29,273.,128,33,,0,38,,0,41,,0
1H,1,2013/06/06 08:00:00,1,28.7,128,2,0.46,128,3,0.012,128,4,3.8,128,5,7.0,128,6,10.7,128,7,0.9,128,8,25.70,128,9,23.52,128,10,84.68,128,11,705.73,128,12,178.,128,13,33.,128,18,-0.1,128,28,0.97,128,29,302.,128,33,,0,38,,0,41,,0
1H,1,2013/06/06 08:05:00,1,28.7,128,2,0.45,128,3,0.013,128,4,1.1,128,5,8.0,128,6,9.1,128,7,0.8,128,8,25.68,128,9,23.53,128,10,84.36,128,11,705.64,128,12,200.,128,13,35.,128,18,0.0,128,28,1.07,128,29,288.,128,33,,0,38,,0,41,,0
1H,1,2013/06/06 08:10:00,1,28.7,128,2,0.47,128,3,0.013,128,4,3.8,128,5,6.3,128,6,10.1,128,7,0.8,128,8,25.63,128,9,23.71,128,10,84.17,128,11,705.57,128,12,225.,128,13,36.,128,18,0.0,128,28,1.38,128,29,266.,128,33,,0,38,,0,41,,0
1H,1,2013/06/06 08:15:00,1,28.7,128,2,0.44,128,3,0.015,128,4,5.1,128,5,5.9,128,6,10.9,128,7,0.8,128,8,25.63,128,9,23.74,128,10,83.09,128,11,705.63,128,12,252.,128,13,36.,128,18,-0.1,128,28,1.24,128,29,290.,128,33,,0,38,,0,41,,0
1H,1,2013/06/06 08:20:00,1,28.6,128,2,0.48,128,3,0.018,128,4,6.5,128,5,6.8,128,6,13.3,128,7,0.9,128,8,25.60,128,9,23.78,128,10,82.01,128,11,705.71,128,12,274.,128,13,36.,128,18,0.0,128,28,1.13,128,29,288.,128,33,,0,38,,0,41,,0
1H,1,2013/06/06 08:25:00,1,28.6,128,2,0.53,128,3,0.020,128,4,5.9,128,5,6.6,128,6,12.5,128,7,0.5,128,8,25.64,128,9,23.94,128,10,80.98,128,11,705.80,128,12,291.,128,13,36.,128,18,0.0,128,28,1.10,128,29,308.,128,33,,0,38,,0,41,,0
1H,1,2013/06/06 08:30:00,1,28.7,128,2,0.52,128,3,0.022,128,4,6.2,128,5,7.5,128,6,13.7,128,7,0.6,128,8,25.63,128,9,24.10,128,10,79.54,128,11,705.79,128,12,302.,128,13,36.,128,18,0.0,128,28,0.96,128,29,284.,128,33,,0,38,,0,41,,0
1H,1,2013/06/06 08:35:00,1,28.6,128,2,0.50,128,3,0.024,128,4,6.7,128,5,6.4,128,6,13.1,128,7,0.9,128,8,25.54,128,9,24.29,128,10,78.12,128,11,705.86,128,12,310.,128,13,36.,128,18,-0.1,128,28,1.25,128,29,289.,128,33,,0,38,,0,41,,0
1H,1,2013/06/06 08:40:00,1,28.7,128,2,0.52,128,3,0.025,128,4,4.7,128,5,9.6,128,6,14.3,128,7,0.9,128,8,25.56,128,9,24.39,128,10,77.03,128,11,705.98,128,12,318.,128,13,36.,128,18,-0.2,128,28,1.00,128,29,298.,128,33,,0,38,,0,41,,0
1H,1,2013/06/06 08:45:00,1,28.7,128,2,0.51,128,3,0.026,128,4,3.7,128,5,10.4,128,6,14.1,128,7,1.0,128,8,25.70,128,9,24.48,128,10,76.72,128,11,705.99,128,12,316.,128,13,36.,128,18,0.0,128,28,0.99,128,29,296.,128,33,,0,38,,0,41,,0
1H,1,2013/06/06 08:50:00,1,28.7,128,2,0.51,128,3,0.027,128,4,6.6,128,5,11.2,128,6,17.8,128,7,0.9,128,8,25.57,128,9,24.65,128,10,76.55,128,11,706.05,128,12,308.,128,13,36.,128,18,-0.1,128,28,0.93,128,29,315.,128,33,,0,38,,0,41,,0
1H,1,2013/06/06 08:55:00,1,28.7,128,2,0.49,128,3,0.028,128,4,3.8,128,5,11.6,128,6,15.4,128,7,1.0,128,8,25.45,128,9,24.72,128,10,76.03,128,11,706.07,128,12,303.,128,13,36.,128,18,-0.2,128,28,1.15,128,29,340.,128,33,,0,38,,0,41,,0
1H,1,2013/06/06 09:00:00,1,28.8,128,2,0.41,128,3,0.030,128,4,6.6,128,5,19.0,128,6,25.6,128,7,0.6,128,8,25.51,128,9,24.67,128,10,75.14,128,11,706.11,128,12,298.,128,13,36.,128,18,-0.2,128,28,1.20,128,29,319.,128,33,,0,38,,0,41,,0
1H,1,2013/06/06 09:05:00,1,28.9,128,2,0.41,128,3,0.031,128,4,8.4,128,5,18.6,128,6,27.0,128,7,0.8,128,8,25.78,128,9,24.61,128,10,75.36,128,11,706.13,128,12,289.,128,13,32.,128,18,-0.3,128,28,1.27,128,29,307.,128,33,,0,38,,0,41,,0
1H,1,2013/06/06 09:10:00,1,28.9,128,2,0.45,128,3,0.032,128,4,4.2,128,5,8.8,128,6,13.0,128,7,0.7,128,8,25.84,128,9,24.70,128,10,75.71,128,11,706.17,128,12,285.,128,13,32.,128,18,-0.1,128,28,1.20,128,29,308.,128,33,,0,38,,0,41,,0
1H,1,2013/06/06 09:15:00,1,28.9,128,2,0.49,128,3,0.032,128,4,2.8,128,5,6.8,128,6,9.6,128,7,0.7,128,8,25.87,128,9,24.80,128,10,75.84,128,11,706.18,128,12,291.,128,13,32.,128,18,-0.2,128,28,1.11,128,29,309.,128,33,,0,38,,0,41,,0
1H,1,2013/06/06 09:20:00,1,29.0,128,2,0.48,128,3,0.032,128,4,2.4,128,5,5.7,128,6,8.1,128,7,0.7,128,8,25.79,128,9,24.79,128,10,75.37,128,11,706.20,128,12,298.,128,13,32.,128,18,-0.3,128,28,1.89,128,29,300.,128,33,,0,38,,0,41,,0
1H,1,2013/06/06 09:25:00,1,29.0,128,2,0.47,128,3,0.033,128,4,3.7,128,5,5.2,128,6,8.9,128,7,0.8,128,8,25.79,128,9,24.71,128,10,75.77,128,11,706.10,128,12,284.,128,13,32.,128,18,-0.3,128,28,2.00,128,29,320.,128,33,,0,38,,0,41,,0
1H,1,2013/06/06 09:30:00,1,29.1,128,2,0.46,128,3,0.033,128,4,4.1,128,5,3.5,128,6,7.5,128,7,0.7,128,8,25.64,128,9,24.61,128,10,76.14,128,11,706.07,128,12,265.,128,13,32.,128,18,-0.2,128,28,1.82,128,29,306.,128,33,,0,38,,0,41,,0
1H,1,2013/06/06 09:35:00,1,29.2,128,2,0.47,128,3,0.033,128,4,5.7,128,5,6.0,128,6,11.7,128,7,0.6,128,8,25.88,128,9,24.51,128,10,76.63,128,11,706.08,128,12,261.,128,13,32.,128,18,-0.3,128,28,1.59,128,29,310.,128,33,,0,38,,0,41,,0
1H,1,2013/06/06 09:40:00,1,29.2,128,2,0.47,128,3,0.032,128,4,4.9,128,5,3.9,128,6,8.7,128,7,0.6,128,8,25.98,128,9,24.55,128,10,77.20,128,11,706.12,128,12,252.,128,13,32.,128,18,-0.2,128,28,1.56,128,29,312.,128,33,,0,38,,0,41,,0
1H,1,2013/06/06 09:45:00,1,29.2,128,2,0.44,128,3,0.032,128,4,6.3,128,5,5.9,128,6,12.3,128,7,0.7,128,8,26.04,128,9,24.58,128,10,77.70,128,11,706.06,128,12,253.,128,13,32.,128,18,-0.4,128,28,1.06,128,29,318.,128,33,,0,38,,0,41,,0
1H,1,2013/06/06 09:50:00,1,29.3,128,2,0.44,128,3,0.030,128,4,4.6,128,5,4.6,128,6,9.2,128,7,0.6,128,8,26.03,128,9,24.70,128,10,78.12,128,11,706.09,128,12,275.,128,13,32.,128,18,-0.2,128,28,1.42,128,29,316.,128,33,,0,38,,0,41,,0
1H,1,2013/06/06 09:55:00,1,29.3,128,2,0.43,128,3,0.030,128,4,5.8,128,5,5.4,128,6,11.2,128,7,0.7,128,8,26.07,128,9,24.66,128,10,78.04,128,11,706.00,128,12,301.,128,13,32.,128,18,-0.3,128,28,1.21,128,29,314.,128,33,,0,38,,0,41,,0
1H,1,2013/06/06 10:00:00,1,29.3,128,2,0.46,128,3,0.029,128,4,1.3,128,5,7.9,128,6,9.3,128,7,0.8,128,8,26.14,128,9,24.75,128,10,78.24,128,11,705.97,128,12,328.,128,13,32.,128,18,-0.3,128,28,1.69,128,29,307.,128,33,,0,38,,0,41,,0
1H,1,2013/06/06 10:05:00,1,29.4,128,2,0.48,128,3,0.029,128,4,5.1,128,5,6.1,128,6,11.2,128,7,0.6,128,8,26.22,128,9,24.84,128,10,78.09,128,11,705.89,128,12,354.,128,13,36.,128,18,-0.5,128,28,1.63,128,29,316.,128,33,,0,38,,0,41,,0
1H,1,2013/06/06 10:10:00,1,29.4,1,2,0.52,128,3,0.028,1,4,3.8,128,5,8.2,128,6,12.1,128,7,0.6,1,8,26.18,1,9,24.92,1,10,78.30,1,11,705.84,1,12,358.,1,13,38.,1,18,-0.4,1,28,0.97,128,29,307.,128,33,,0,38,,0,41,,0
1H,1,2013/06/06 10:15:00,1,29.4,128,2,0.48,128,3,0.025,128,4,4.7,128,5,6.5,128,6,11.3,128,7,0.7,128,8,26.18,128,9,25.26,128,10,77.73,128,11,705.86,128,12,365.,128,13,38.,128,18,-0.3,128,28,1.62,128,29,312.,128,33,,0,38,,0,41,,0
1H,1,2013/06/06 10:20:00,1,29.4,128,2,0.42,128,3,0.025,128,4,3.3,128,5,6.0,128,6,9.3,128,7,0.9,128,8,26.40,128,9,25.38,128,10,77.22,128,11,705.87,128,12,377.,128,13,38.,128,18,-0.3,128,28,1.64,128,29,325.,128,33,,0,38,,0,41,,0
1H,1,2013/06/06 10:25:00,1,29.5,128,2,0.41,128,3,0.026,128,4,3.1,128,5,8.5,128,6,11.6,128,7,0.7,128,8,26.53,128,9,25.44,128,10,76.90,128,11,705.93,128,12,382.,128,13,38.,128,18,-0.3,128,28,1.67,128,29,306.,128,33,,0,38,,0,41,,0
1H,1,2013/06/06 10:30:00,1,29.5,128,2,0.42,128,3,0.026,128,4,4.6,128,5,5.1,128,6,9.7,128,7,0.7,128,8,26.42,128,9,25.60,128,10,76.84,128,11,706.01,128,12,397.,128,13,38.,128,18,-0.3,128,28,1.86,128,29,294.,128,33,,0,38,,0,41,,0
1H,1,2013/06/06 10:35:00,1,29.7,128,2,0.40,128,3,0.027,128,4,5.1,128,5,5.4,128,6,10.5,128,7,1.0,128,8,26.43,128,9,25.68,128,10,76.49,128,11,706.05,128,12,454.,128,13,38.,128,18,-0.2,128,28,1.89,128,29,302.,128,33,,0,38,,0,41,,0
1H,1,2013/06/06 10:40:00,1,29.7,128,2,0.40,128,3,0.027,128,4,3.1,128,5,8.6,128,6,11.7,128,7,1.0,128,8,26.47,128,9,25.70,128,10,76.62,128,11,705.98,128,12,475.,128,13,38.,128,18,-0.2,128,28,1.69,128,29,305.,128,33,,0,38,,0,41,,0
1H,1,2013/06/06 10:45:00,1,29.9,128,2,0.42,128,3,0.027,128,4,6.2,128,5,3.8,128,6,10.0,128,7,0.8,128,8,26.55,128,9,25.88,128,10,76.89,128,11,706.00,128,12,443.,128,13,38.,128,18,0.0,128,28,1.36,128,29,317.,128,33,,0,38,,0,41,,0
1H,1,2013/06/06 10:50:00,1,29.9,128,2,0.16,66,3,0.026,128,4,12.6,66,5,5.5,66,6,18.1,66,7,0.8,128,8,26.60,128,9,26.12,128,10,75.99,128,11,705.97,128,12,441.,128,13,38.,128,18,-0.2,128,28,1.63,128,29,303.,128,33,,0,38,,0,41,,0
1H,1,2013/06/06 10:55:00,1,30.1,128,2,0.09,66,3,0.026,128,4,2.3,66,5,5.5,66,6,7.9,66,7,0.9,128,8,26.87,128,9,26.30,128,10,75.22,128,11,705.91,128,12,436.,128,13,38.,128,18,-0.3,128,28,1.56,128,29,292.,128,33,,0,38,,0,41,,0
1H,1,2013/06/06 11:00:00,1,30.3,128,2,0.10,66,3,0.027,128,4,3.0,66,5,6.0,66,6,9.0,66,7,0.8,128,8,26.89,128,9,26.44,128,10,73.41,128,11,705.88,128,12,485.,128,13,38.,128,18,-0.3,128,28,2.13,128,29,303.,128,33,,0,38,,0,41,,0
1H,1,2013/06/06 11:05:00,1,30.4,128,2,27.20,67,3,0.029,128,4,126.7,67,5,-24.8,67,6,101.9,67,7,0.4,128,8,26.92,128,9,26.58,128,10,72.55,128,11,705.83,128,12,711.,128,13,32.,128,18,-0.4,128,28,1.81,128,29,313.,128,33,,0,38,,0,41,,0
1H,1,2013/06/06 11:10:00,1,30.5,128,2,39.23,67,3,0.029,128,4,184.5,67,5,-25.2,67,6,159.3,67,7,0.3,128,8,26.95,128,9,26.85,128,10,72.22,128,11,705.87,128,12,878.,128,13,33.,128,18,-0.2,128,28,1.47,128,29,323.,128,33,,0,38,,0,41,,0
1H,1,2013/06/06 11:15:00,1,30.5,128,2,39.27,67,3,0.029,128,4,183.0,67,5,-20.0,67,6,163.1,67,7,0.4,36,8,26.83,128,9,27.36,128,10,71.67,128,11,705.85,128,12,1141.,128,13,33.,128,18,-0.4,128,28,1.01,128,29,317.,128,33,,0,38,,0,41,,0
1H,1,2013/06/06 11:20:00,1,30.5,128,2,8.64,65,3,0.029,129,4,29.6,65,5,10.5,65,6,40.1,65,7,1.0,129,8,26.87,128,9,28.04,128,10,68.71,128,11,706.00,128,12,908.,128,13,33.,128,18,-0.2,128,28,2.08,128,29,300.,128,33,,0,38,,0,41,,0
1H,1,2013/06/06 11:25:00,1,30.3,128,2,0.47,128,3,0.030,128,4,3.3,128,5,5.2,128,6,8.5,128,7,0.8,128,8,26.84,128,9,28.10,128,10,67.31,128,11,706.06,128,12,589.,128,13,33.,128,18,-0.1,128,28,1.47,128,29,293.,128,33,,0,38,,0,41,,0
1H,1,2013/06/06 11:30:00,1,30.3,128,2,0.43,129,3,0.031,128,4,3.7,129,5,6.2,129,6,9.9,129,7,0.8,128,8,26.99,128,9,28.02,128,10,66.86,128,11,706.12,128,12,653.,128,13,33.,128,18,-0.1,128,28,2.07,128,29,276.,128,33,,0,38,,0,41,,0
1H,1,2013/06/06 11:35:00,1,30.3,128,2,0.37,128,3,0.033,128,4,-0.2,128,5,3.7,128,6,3.5,128,7,0.7,128,8,26.84,128,9,28.00,128,10,66.74,128,11,706.10,128,12,880.,128,13,33.,128,18,-0.1,128,28,1.58,128,29,280.,128,33,,0,38,,0,41,,0
1H,1,2013/06/06 11:40:00,1,30.4,128,2,0.34,128,3,0.034,128,4,2.0,128,5,4.3,128,6,6.3,128,7,0.6,128,8,26.95,128,9,28.24,128,10,66.01,128,11,705.96,128,12,1170.,128,13,33.,128,18,-0.2,128,28,1.55,128,29,287.,128,33,,0,38,,0,41,,0
1H,1,2013/06/06 11:45:00,1,30.4,128,2,0.35,128,3,0.035,128,4,4.1,128,5,3.5,128,6,7.6,128,7,0.7,128,8,27.18,128,9,28.54,128,10,65.09,128,11,705.94,128,12,857.,128,13,33.,128,18,-0.2,128,28,1.76,128,29,291.,128,33,,0,38,,0,41,,0
1H,1,2013/06/06 11:50:00,1,30.6,128,2,0.36,128,3,0.036,128,4,3.7,128,5,2.5,128,6,6.3,128,7,0.9,128,8,27.27,128,9,28.63,128,10,64.41,128,11,705.90,128,12,1079.,128,13,33.,128,18,-0.1,128,28,1.75,128,29,282.,128,33,,0,38,,0,41,,0
1H,1,2013/06/06 11:55:00,1,30.8,128,2,0.37,129,3,0.037,128,4,4.3,128,5,2.0,128,6,6.3,128,7,0.9,64,8,27.42,128,9,28.80,128,10,63.94,128,11,705.76,128,12,1219.,128,13,33.,128,18,-0.3,128,28,1.34,128,29,301.,128,33,,0,38,,0,41,,0
1H,1,2013/06/06 12:00:00,1,31.0,128,2,0.34,129,3,0.039,128,4,2.6,128,5,5.1,128,6,7.6,128,7,0.8,64,8,27.63,128,9,29.16,128,10,62.84,128,11,705.75,128,12,1139.,128,13,33.,128,18,-0.3,128,28,1.52,128,29,288.,128,33,,0,38,,0,41,,0
1H,1,2013/06/06 12:05:00,1,31.1,128,2,0.33,128,3,0.040,128,4,3.8,128,5,6.7,128,6,10.5,128,7,0.8,129,8,27.69,128,9,29.46,128,10,60.87,128,11,705.81,128,12,1045.,128,13,36.,128,18,-0.4,128,28,1.65,128,29,316.,128,33,,0,38,,0,41,,0
1H,1,2013/06/06 12:10:00,1,31.3,128,2,0.33,128,3,0.042,128,4,3.8,128,5,4.5,128,6,8.2,128,7,0.7,128,8,27.75,128,9,29.48,128,10,60.34,128,11,705.77,128,12,1004.,128,13,38.,128,18,-0.2,128,28,1.69,128,29,285.,128,33,,0,38,,0,41,,0
1H,1,2013/06/06 12:15:00,1,31.3,128,2,0.32,128,3,0.044,128,4,3.3,128,5,3.5,128,6,6.7,128,7,0.5,128,8,27.67,128,9,29.49,128,10,60.11,128,11,705.75,128,12,871.,128,13,38.,128,18,-0.2,128,28,1.50,128,29,288.,128,33,,0,38,,0,41,,0
1H,1,2013/06/06 12:20:00,1,31.3,128,2,0.32,128,3,0.045,128,4,2.3,128,5,5.3,128,6,7.6,128,7,0.5,128,8,27.69,128,9,29.47,128,10,60.61,128,11,705.65,128,12,980.,128,13,38.,128,18,-0.2,128,28,1.23,128,29,305.,128,33,,0,38,,0,41,,0
1H,1,2013/06/06 12:25:00,1,31.3,128,2,0.35,128,3,0.046,128,4,1.9,128,5,5.8,128,6,7.6,128,7,0.6,128,8,27.55,128,9,29.60,128,10,60.48,128,11,705.51,128,12,506.,128,13,38.,128,18,-0.1,128,28,1.14,128,29,315.,128,33,,0,38,,0,41,,0
1H,1,2013/06/06 12:30:00,1,31.2,128,2,0.36,128,3,0.046,128,4,3.1,128,5,5.1,128,6,8.1,128,7,0.6,128,8,27.57,128,9,29.56,128,10,59.35,128,11,705.45,128,12,661.,128,13,38.,128,18,-0.4,128,28,1.60,128,29,330.,128,33,,0,38,,0,41,,0
1H,1,2013/06/06 12:35:00,1,31.2,128,2,0.32,128,3,0.047,128,4,4.8,128,5,5.9,128,6,10.7,128,7,0.6,128,8,27.60,128,9,29.44,128,10,59.55,128,11,705.34,128,12,927.,128,13,38.,128,18,-0.3,128,28,1.11,128,29,331.,128,33,,0,38,,0,41,,0
1H,1,2013/06/06 12:40:00,1,31.2,128,2,0.32,128,3,0.047,128,4,6.4,128,5,3.8,128,6,10.2,128,7,0.6,128,8,27.60,128,9,29.73,128,10,59.11,128,11,705.23,128,12,869.,128,13,38.,128,18,-0.2,128,28,1.44,128,29,323.,128,33,,0,38,,0,41,,0
1H,1,2013/06/06 12:45:00,1,31.2,128,2,0.31,128,3,0.048,128,4,4.7,128,5,5.7,128,6,10.4,128,7,0.6,128,8,27.62,128,9,29.70,128,10,58.80,128,11,705.09,128,12,661.,128,13,38.,128,18,-0.3,128,28,1.88,128,29,348.,128,33,,0,38,,0,41,,0
1H,1,2013/06/06 12:50:00,1,31.4,128,2,0.30,128,3,0.048,128,4,3.6,128,5,4.9,128,6,8.5,128,7,0.6,128,8,27.90,128,9,29.89,128,10,59.15,128,11,705.14,128,12,642.,128,13,38.,128,18,-0.4,128,28,1.22,128,29,337.,128,33,,0,38,,0,41,,0
1H,1,2013/06/06 12:55:00,1,31.6,128,2,0.30,128,3,0.048,128,4,4.9,128,5,5.2,128,6,10.1,128,7,0.6,128,8,28.15,128,9,30.28,128,10,57.97,128,11,705.07,128,12,571.,128,13,38.,128,18,-0.1,128,28,1.74,128,29,300.,128,33,,0,38,,0,41,,0
1H,1,2013/06/06 13:00:00,1,31.7,128,2,0.29,128,3,0.050,128,4,6.2,128,5,4.6,128,6,10.7,128,7,0.4,128,8,28.26,128,9,30.43,128,10,57.76,128,11,705.07,128,12,1094.,128,13,38.,128,18,-0.3,128,28,1.58,128,29,316.,128,33,,0,38,,0,41,,0
1H,1,2013/06/06 13:05:00,1,31.7,128,2,0.30,128,3,0.050,128,4,3.4,128,5,2.7,128,6,6.2,128,7,0.2,128,8,28.35,128,9,30.60,128,10,57.56,128,11,705.02,128,12,1078.,128,13,40.,128,18,-0.3,128,28,1.23,128,29,307.,128,33,,0,38,,0,41,,0
1H,1,2013/06/06 13:10:00,1,31.9,128,2,0.31,128,3,0.051,128,4,4.5,128,5,5.7,128,6,10.2,128,7,0.2,128,8,28.61,128,9,30.86,128,10,56.53,128,11,704.99,128,12,1083.,128,13,43.,128,18,-0.1,128,28,1.82,128,29,276.,128,33,,0,38,,0,41,,0
1H,1,2013/06/06 13:15:00,1,31.9,128,2,0.28,128,3,0.052,128,4,4.9,128,5,2.9,128,6,7.8,128,7,0.2,128,8,28.85,128,9,30.96,128,10,56.14,128,11,704.91,128,12,950.,128,13,43.,128,18,-0.1,128,28,1.20,128,29,306.,128,33,,0,38,,0,41,,0
1H,1,2013/06/06 13:20:00,1,32.1,128,2,0.28,128,3,0.053,128,4,2.2,128,5,5.0,128,6,7.2,128,7,0.2,128,8,29.07,128,9,31.15,128,10,55.35,128,11,704.90,128,12,1009.,128,13,43.,128,18,-0.2,128,28,1.10,128,29,287.,128,33,,0,38,,0,41,,0
1H,1,2013/06/06 13:25:00,1,32.3,128,2,0.28,128,3,0.054,128,4,2.0,128,5,4.7,128,6,6.8,128,7,0.4,128,8,29.32,128,9,31.42,128,10,54.28,128,11,704.91,128,12,1040.,128,13,43.,128,18,-0.1,128,28,1.22,128,29,323.,128,33,,0,38,,0,41,,0
1H,1,2013/06/06 13:30:00,1,32.5,128,2,0.30,128,3,0.054,128,4,2.1,128,5,5.1,128,6,7.3,128,7,0.5,128,8,29.54,128,9,31.57,128,10,52.84,128,11,704.88,128,12,1064.,128,13,43.,128,18,-0.4,128,28,1.37,128,29,319.,128,33,,0,38,,0,41,,0
1H,1,2013/06/06 13:35:00,1,32.7,128,2,0.28,128,3,0.055,128,4,1.9,128,5,4.1,128,6,6.0,128,7,0.5,128,8,29.69,128,9,31.53,128,10,52.03,128,11,704.88,128,12,976.,128,13,43.,128,18,-0.2,128,28,1.48,128,29,309.,128,33,,0,38,,0,41,,0
1H,1,2013/06/06 13:40:00,1,32.8,128,2,0.29,128,3,0.057,128,4,3.2,128,5,5.4,128,6,8.6,128,7,0.2,128,8,29.87,128,9,31.43,128,10,51.84,128,11,704.85,128,12,982.,128,13,43.,128,18,-0.2,128,28,1.60,128,29,306.,128,33,,0,38,,0,41,,0
1H,1,2013/06/06 13:45:00,1,33.1,128,2,0.30,128,3,0.058,128,4,3.9,128,5,4.1,128,6,7.9,128,7,0.1,128,8,30.07,128,9,31.51,128,10,51.75,128,11,704.69,128,12,967.,128,13,43.,128,18,-0.4,128,28,1.20,128,29,325.,128,33,,0,38,,0,41,,0
1H,1,2013/06/06 13:50:00,1,33.3,128,2,0.31,128,3,0.059,128,4,4.7,128,5,3.8,128,6,8.4,128,7,0.3,66,8,30.18,128,9,31.73,128,10,50.91,128,11,704.61,128,12,941.,128,13,43.,128,18,-0.2,128,28,1.76,128,29,296.,128,33,,0,38,,0,41,,0
1H,1,2013/06/06 13:55:00,1,33.5,128,2,0.30,128,3,0.061,128,4,4.7,128,5,4.5,128,6,9.2,128,7,0.3,66,8,30.27,128,9,31.67,128,10,50.76,128,11,704.52,128,12,889.,128,13,43.,128,18,-0.1,128,28,1.77,128,29,307.,128,33,,0,38,,0,41,,0
1H,1,2013/06/06 14:00:00,1,33.5,128,2,0.31,128,3,0.062,128,4,6.8,128,5,3.9,128,6,10.6,128,7,0.4,66,8,29.94,128,9,31.53,128,10,51.53,128,11,704.45,128,12,883.,128,13,43.,128,18,-0.1,128,28,1.15,128,29,300.,128,33,,0,38,,0,41,,0
1H,1,2013/06/06 14:05:00,1,33.1,128,2,0.35,128,3,0.062,128,4,4.1,128,5,3.5,128,6,7.6,128,7,147.1,67,8,28.53,128,9,31.69,128,10,51.58,128,11,704.37,128,12,903.,128,13,31.,128,18,-0.2,128,28,1.30,128,29,315.,128,33,,0,38,,0,41,,0
1H,1,2013/06/06 14:10:00,1,32.4,128,2,0.33,128,3,0.063,128,4,4.1,128,5,4.7,128,6,8.7,128,7,408.3,67,8,27.50,128,9,31.98,128,10,51.07,128,11,704.28,128,12,915.,128,13,30.,128,18,-0.1,128,28,0.57,128,29,328.,128,33,,0,38,,0,41,,0
1H,1,2013/06/06 14:15:00,1,31.7,128,2,0.32,128,3,0.062,128,4,4.2,128,5,3.7,128,6,7.9,128,7,408.9,67,8,27.00,128,9,32.27,128,10,50.28,128,11,704.24,128,12,933.,128,13,30.,128,18,-0.2,128,28,1.19,128,29,302.,128,33,,0,38,,0,41,,0
1H,1,2013/06/06 14:20:00,1,31.2,128,2,0.30,128,3,0.061,128,4,2.5,128,5,4.5,128,6,6.9,128,7,400.9,65,8,26.54,128,9,32.38,128,10,49.80,128,11,704.24,128,12,922.,128,13,30.,128,18,-0.1,128,28,1.05,128,29,286.,128,33,,0,38,,0,41,,0
1H,1,2013/06/06 14:25:00,1,30.7,128,2,0.28,128,3,0.061,128,4,1.4,128,5,5.4,128,6,6.8,128,7,107.8,65,8,26.26,128,9,32.38,128,10,49.70,128,11,704.18,128,12,907.,128,13,30.,128,18,-0.4,128,28,1.20,128,29,342.,128,33,,0,38,,0,41,,0
1H,1,2013/06/06 14:30:00,1,30.3,128,2,0.26,128,3,0.061,128,4,2.8,128,5,5.1,128,6,7.9,128,7,0.3,128,8,26.15,128,9,32.39,128,10,49.60,128,11,704.19,128,12,874.,128,13,30.,128,18,-0.1,128,28,0.78,128,29,298.,128,33,,0,38,,0,41,,0
1H,1,2013/06/06 14:35:00,1,30.1,128,2,0.24,128,3,0.061,128,4,5.0,128,5,4.4,128,6,9.4,128,7,0.8,128,8,25.92,128,9,32.52,128,10,49.79,128,11,704.14,128,12,829.,128,13,30.,128,18,0.0,128,28,1.09,128,29,282.,128,33,,0,38,,0,41,,0
1H,1,2013/06/06 14:40:00,1,29.8,128,2,0.23,128,3,0.061,128,4,3.2,128,5,2.8,128,6,6.0,128,7,0.3,128,8,25.62,128,9,32.54,128,10,49.64,128,11,704.12,128,12,818.,128,13,30.,128,18,-0.1,128,28,1.13,128,29,298.,128,33,,0,38,,0,41,,0
1H,1,2013/06/06 14:45:00,1,29.4,128,2,0.23,128,3,0.060,128,4,1.2,128,5,4.8,128,6,6.0,128,7,0.3,128,8,25.34,128,9,32.62,128,10,49.55,128,11,704.08,128,12,791.,128,13,30.,128,18,-0.1,128,28,0.77,128,29,269.,128,33,,0,38,,0,41,,0
1H,1,2013/06/06 14:50:00,1,29.2,128,2,0.23,128,3,0.058,128,4,3.8,128,5,5.7,128,6,9.5,128,7,0.1,128,8,25.31,128,9,32.90,128,10,49.17,128,11,704.07,128,12,717.,128,13,30.,128,18,-0.2,128,28,1.13,128,29,306.,128,33,,0,38,,0,41,,0
1H,1,2013/06/06 14:55:00,1,29.0,128,2,0.21,128,3,0.057,128,4,4.2,128,5,5.4,128,6,9.6,128,7,0.3,128,8,25.33,128,9,32.87,128,10,49.32,128,11,704.03,128,12,787.,128,13,30.,128,18,-0.1,128,28,0.72,128,29,319.,128,33,,0,38,,0,41,,0
1H,1,2013/06/06 15:00:00,1,28.8,128,2,0.21,128,3,0.057,128,4,4.4,128,5,3.0,128,6,7.4,128,7,0.6,128,8,25.12,128,9,33.11,128,10,48.74,128,11,704.00,128,12,799.,128,13,30.,128,18,0.0,128,28,1.08,128,29,293.,128,33,,0,38,,0,41,,0
1H,1,2013/06/06 15:05:00,1,28.6,128,2,0.21,128,3,0.057,128,4,2.6,128,5,4.9,128,6,7.5,128,7,0.7,128,8,25.07,128,9,33.14,128,10,48.19,128,11,703.95,128,12,789.,128,13,25.,128,18,-0.2,128,28,1.00,128,29,352.,128,33,,0,38,,0,41,,0
1H,1,2013/06/06 15:10:00,1,28.5,128,2,0.18,128,3,0.056,128,4,5.7,128,5,4.1,128,6,9.9,128,7,0.6,128,8,25.31,128,9,33.10,128,10,47.18,128,11,703.91,128,12,783.,128,13,25.,128,18,0.0,128,28,1.19,128,29,4.,128,33,,0,38,,0,41,,0
1H,1,2013/06/06 15:15:00,1,28.5,128,2,0.18,128,3,0.057,128,4,3.5,128,5,4.3,128,6,7.9,128,7,0.4,128,8,25.34,128,9,32.93,128,10,47.25,128,11,703.80,128,12,762.,128,13,25.,128,18,-0.3,128,28,1.82,128,29,18.,128,33,,0,38,,0,41,,0
1H,1,2013/06/06 15:20:00,1,28.7,128,2,0.20,128,3,0.056,128,4,2.5,128,5,5.1,128,6,7.6,128,7,0.3,128,8,26.00,128,9,32.74,128,10,47.42,128,11,703.79,128,12,708.,128,13,25.,128,18,0.0,128,28,1.98,128,29,40.,128,33,,0,38,,0,41,,0
1H,1,2013/06/06 15:25:00,1,29.1,128,2,0.20,128,3,0.056,128,4,3.1,128,5,6.5,128,6,9.6,128,7,0.3,128,8,26.80,128,9,32.53,128,10,47.69,128,11,703.77,128,12,639.,128,13,25.,128,18,0.0,128,28,1.88,128,29,43.,128,33,,0,38,,0,41,,0
1H,1,2013/06/06 15:30:00,1,29.5,128,2,0.21,128,3,0.055,128,4,5.8,128,5,5.2,128,6,11.0,128,7,0.2,128,8,27.64,128,9,32.49,128,10,48.05,128,11,703.72,128,12,642.,128,13,25.,128,18,-0.1,128,28,1.32,128,29,7.,128,33,,0,38,,0,41,,0
1H,1,2013/06/06 15:35:00,1,30.0,128,2,0.21,128,3,0.057,128,4,5.3,128,5,2.7,128,6,8.0,128,7,0.3,128,8,28.21,128,9,32.80,128,10,47.45,128,11,703.70,128,12,582.,128,13,25.,128,18,0.0,128,28,0.45,128,29,319.,128,33,,0,38,,0,41,,0
1H,1,2013/06/06 15:40:00,1,30.5,128,2,0.27,128,3,0.059,128,4,3.2,128,5,5.9,128,6,9.1,128,7,0.2,128,8,28.70,128,9,33.07,128,10,47.11,128,11,703.66,128,12,620.,128,13,25.,128,18,-0.2,128,28,1.27,128,29,360.,128,33,,0,38,,0,41,,0
1H,1,2013/06/06 15:45:00,1,30.9,128,2,0.25,128,3,0.060,128,4,4.3,128,5,4.5,128,6,8.8,128,7,0.0,128,8,29.09,128,9,32.83,128,10,46.73,128,11,703.63,128,12,490.,128,13,25.,128,18,-0.1,128,28,1.82,128,29,21.,128,33,,0,38,,0,41,,0
1H,1,2013/06/06 15:50:00,1,31.3,128,2,0.27,128,3,0.061,128,4,4.5,128,5,6.1,128,6,10.5,128,7,0.2,128,8,29.51,128,9,32.55,128,10,47.29,128,11,703.64,128,12,484.,128,13,25.,128,18,-0.1,128,28,1.51,128,29,352.,128,33,,0,38,,0,41,,0
1H,1,2013/06/06 15:55:00,1,31.7,128,2,0.29,128,3,0.062,128,4,2.3,128,5,5.9,128,6,8.2,128,7,0.5,128,8,29.79,128,9,32.38,128,10,47.78,128,11,703.57,128,12,361.,128,13,25.,128,18,-0.1,128,28,1.75,128,29,7.,128,33,,0,38,,0,41,,0
1H,1,2013/06/06 16:00:00,1,31.9,128,2,0.31,128,3,0.064,128,4,2.7,128,5,5.4,128,6,8.1,128,7,0.5,128,8,29.56,128,9,32.24,128,10,48.30,128,11,703.53,128,12,347.,128,13,25.,128,18,0.0,128,28,1.33,128,29,24.,128,33,,0,38,,0,41,,0
1H,1,2013/06/06 16:05:00,1,31.9,128,2,0.33,128,3,0.065,128,4,1.7,128,5,3.9,128,6,5.6,128,7,0.3,128,8,28.36,128,9,32.04,128,10,48.77,128,11,703.40,128,12,307.,128,13,26.,128,18,-0.1,128,28,1.78,128,29,20.,128,33,,0,38,,0,41,,0
1H,1,2013/06/06 16:10:00,1,31.5,128,2,0.32,128,3,0.065,128,4,4.4,128,5,5.0,128,6,9.4,128,7,0.4,128,8,27.73,128,9,31.86,128,10,49.47,128,11,703.40,128,12,336.,128,13,27.,128,18,-0.1,128,28,1.55,128,29,20.,128,33,,0,38,,0,41,,0
1H,1,2013/06/06 16:15:00,1,31.1,128,2,0.33,128,3,0.063,128,4,4.1,128,5,6.5,128,6,10.6,128,7,0.4,128,8,27.25,128,9,31.76,128,10,49.92,128,11,703.39,128,12,299.,128,13,27.,128,18,-0.2,128,28,1.58,128,29,12.,128,33,,0,38,,0,41,,0
1H,1,2013/06/06 16:20:00,1,30.8,128,2,0.33,128,3,0.059,128,4,5.5,128,5,9.5,128,6,15.0,128,7,0.4,128,8,26.97,128,9,31.75,128,10,50.14,128,11,703.30,128,12,343.,128,13,27.,128,18,-0.1,128,28,1.46,128,29,29.,128,33,,0,38,,0,41,,0
1H,1,2013/06/06 16:25:00,1,30.6,128,2,0.34,128,3,0.058,128,4,3.8,128,5,9.0,128,6,12.8,128,7,0.3,128,8,26.96,128,9,31.81,128,10,49.93,128,11,703.23,128,12,493.,128,13,27.,128,18,-0.1,128,28,1.68,128,29,24.,128,33,,0,38,,0,41,,0
1H,1,2013/06/06 16:30:00,1,30.4,128,2,0.33,128,3,0.058,128,4,5.5,128,5,7.8,128,6,13.2,128,7,0.2,128,8,26.59,128,9,31.92,128,10,50.78,128,11,703.24,128,12,496.,128,13,27.,128,18,-0.2,128,28,1.22,128,29,350.,128,33,,0,38,,0,41,,0
1H,1,2013/06/06 16:35:00,1,30.1,128,2,0.30,128,3,0.058,128,4,3.1,128,5,4.8,128,6,7.9,128,7,0.0,128,8,26.22,128,9,32.12,128,10,50.77,128,11,703.21,128,12,524.,128,13,27.,128,18,-0.2,128,28,1.59,128,29,339.,128,33,,0,38,,0,41,,0
1H,1,2013/06/06 16:40:00,1,29.8,128,2,0.27,128,3,0.059,128,4,1.5,128,5,3.6,128,6,5.1,128,7,0.0,128,8,25.91,128,9,32.12,128,10,50.71,128,11,703.23,128,12,465.,128,13,27.,128,18,-0.2,128,28,1.40,128,29,327.,128,33,,0,38,,0,41,,0
1H,1,2013/06/06 16:45:00,1,29.6,128,2,0.25,128,3,0.058,128,4,3.3,128,5,4.2,128,6,7.4,128,7,0.2,128,8,25.71,128,9,32.11,128,10,50.81,128,11,703.14,128,12,437.,128,13,27.,128,18,-0.2,128,28,1.16,128,29,335.,128,33,,0,38,,0,41,,0
1H,1,2013/06/06 16:50:00,1,29.3,128,2,0.25,128,3,0.057,128,4,2.6,128,5,3.5,128,6,6.0,128,7,0.2,128,8,25.55,128,9,32.08,128,10,51.01,128,11,703.17,128,12,399.,128,13,27.,128,18,-0.2,128,28,1.33,128,29,333.,128,33,,0,38,,0,41,,0
1H,1,2013/06/06 16:55:00,1,29.1,128,2,0.24,128,3,0.056,128,4,4.7,128,5,3.4,128,6,8.1,128,7,0.3,128,8,25.40,128,9,32.01,128,10,50.86,128,11,703.01,128,12,411.,128,13,27.,128,18,-0.1,128,28,1.06,128,29,317.,128,33,,0,38,,0,41,,0
1H,1,2013/06/06 17:00:00,1,28.8,128,2,0.23,128,3,0.055,128,4,2.2,128,5,5.7,128,6,7.9,128,7,0.1,128,8,25.07,128,9,32.16,128,10,50.75,128,11,702.96,128,12,356.,128,13,27.,128,18,-0.3,128,28,1.08,128,29,313.,128,33,,0,38,,0,41,,0
1H,1,2013/06/06 17:05:00,1,28.4,128,2,0.23,128,3,0.053,128,4,2.1,128,5,6.1,128,6,8.1,128,7,0.4,128,8,24.74,128,9,32.12,128,10,50.65,128,11,702.90,128,12,318.,128,13,29.,128,18,-0.1,128,28,1.05,128,29,305.,128,33,,0,38,,0,41,,0
1H,1,2013/06/06 17:10:00,1,28.2,128,2,0.24,128,3,0.051,128,4,1.8,128,5,5.4,128,6,7.2,128,7,0.4,128,8,24.82,128,9,31.92,128,10,51.21,128,11,702.86,128,12,314.,128,13,30.,128,18,-0.1,128,28,1.61,128,29,349.,128,33,,0,38,,0,41,,0
1H,1,2013/06/06 17:15:00,1,28.1,128,2,0.21,128,3,0.050,128,4,2.2,128,5,5.2,128,6,7.3,128,7,0.4,128,8,24.83,128,9,31.65,128,10,51.69,128,11,702.82,128,12,294.,128,13,30.,128,18,-0.1,128,28,1.07,128,29,320.,128,33,,0,38,,0,41,,0
1H,1,2013/06/06 17:20:00,1,28.1,128,2,0.19,128,3,0.051,128,4,2.7,128,5,5.3,128,6,8.0,128,7,0.3,128,8,24.69,128,9,31.57,128,10,52.06,128,11,702.74,128,12,283.,128,13,30.,128,18,-0.1,128,28,1.06,128,29,349.,128,33,,0,38,,0,41,,0
1H,1,2013/06/06 17:25:00,1,28.0,128,2,0.20,128,3,0.050,128,4,3.1,128,5,3.1,128,6,6.2,128,7,0.3,128,8,24.72,128,9,31.49,128,10,52.07,128,11,702.75,128,12,266.,128,13,30.,128,18,-0.1,128,28,1.55,128,29,351.,128,33,,0,38,,0,41,,0
1H,1,2013/06/06 17:30:00,1,28.1,128,2,0.19,128,3,0.050,128,4,1.4,128,5,4.6,128,6,5.9,128,7,0.2,128,8,25.02,128,9,31.36,128,10,52.52,128,11,702.77,128,12,231.,128,13,30.,128,18,-0.1,128,28,0.97,128,29,324.,128,33,,0,38,,0,41,,0
1H,1,2013/06/06 17:35:00,1,28.2,128,2,0.23,128,3,0.049,128,4,2.2,128,5,6.8,128,6,9.0,128,7,0.2,128,8,25.10,128,9,31.40,128,10,52.46,128,11,702.77,128,12,217.,128,13,30.,128,18,0.0,128,28,0.93,128,29,318.,128,33,,0,38,,0,41,,0
1H,1,2013/06/06 17:40:00,1,28.3,128,2,0.22,128,3,0.048,128,4,0.8,128,5,7.5,128,6,8.3,128,7,0.0,128,8,25.01,128,9,31.48,128,10,52.30,128,11,702.78,128,12,199.,128,13,30.,128,18,0.0,128,28,1.15,128,29,345.,128,33,,0,38,,0,41,,0
1H,1,2013/06/06 17:45:00,1,28.3,128,2,0.21,128,3,0.048,128,4,2.4,128,5,6.1,128,6,8.5,128,7,0.0,128,8,24.97,128,9,31.26,128,10,52.47,128,11,702.81,128,12,192.,128,13,30.,128,18,0.0,128,28,1.22,128,29,342.,128,33,,0,38,,0,41,,0
1H,1,2013/06/06 17:50:00,1,28.3,128,2,0.21,128,3,0.049,128,4,0.6,128,5,4.8,128,6,5.4,128,7,0.0,128,8,24.93,128,9,31.14,128,10,52.70,128,11,702.92,128,12,181.,128,13,30.,128,18,0.0,128,28,0.92,128,29,337.,128,33,,0,38,,0,41,,0
1H,1,2013/06/06 17:55:00,1,28.4,128,2,0.21,129,3,0.049,128,4,0.9,128,5,4.0,128,6,4.9,128,7,0.2,64,8,25.00,128,9,31.16,128,10,52.59,128,11,702.94,128,12,173.,128,13,30.,128,18,0.0,128,28,1.03,128,29,322.,128,33,,0,38,,0,41,,0
1H,1,2013/06/06 18:00:00,1,28.5,128,2,0.28,128,3,0.049,128,4,1.1,128,5,5.9,128,6,7.0,128,7,0.2,64,8,24.95,128,9,31.08,128,10,52.87,128,11,702.94,128,12,136.,128,13,30.,128,18,-0.1,128,28,1.01,128,29,336.,128,33,,0,38,,0,41,,0
1H,1,2013/06/06 18:05:00,1,28.6,128,2,0.30,128,3,0.049,128,4,1.5,128,5,4.6,128,6,6.1,128,7,0.2,128,8,24.92,128,9,30.90,128,10,53.44,128,11,702.90,128,12,123.,128,13,24.,128,18,0.0,128,28,0.62,128,29,337.,128,33,,0,38,,0,41,,0
1H,1,2013/06/06 18:10:00,1,28.7,128,2,0.30,128,3,0.048,128,4,1.5,128,5,4.3,128,6,5.8,128,7,0.2,128,8,24.95,128,9,30.81,128,10,53.52,128,11,702.97,128,12,113.,128,13,24.,128,18,0.0,128,28,0.70,128,29,307.,128,33,,0,38,,0,41,,0
1H,1,2013/06/06 18:15:00,1,28.7,128,2,0.30,128,3,0.047,128,4,2.0,128,5,5.0,128,6,7.0,128,7,0.5,128,8,24.76,128,9,30.81,128,10,53.47,128,11,702.95,128,12,102.,128,13,24.,128,18,0.0,128,28,0.69,128,29,324.,128,33,,0,38,,0,41,,0
1H,1,2013/06/06 18:20:00,1,28.6,128,2,0.32,128,3,0.046,128,4,1.9,128,5,4.6,128,6,6.5,128,7,0.6,128,8,24.72,128,9,30.73,128,10,53.90,128,11,702.90,128,12,87.,128,13,24.,128,18,0.0,128,28,0.75,128,29,307.,128,33,,0,38,,0,41,,0
1H,1,2013/06/06 18:25:00,1,28.6,128,2,0.32,128,3,0.046,128,4,2.4,128,5,6.1,128,6,8.5,128,7,0.4,128,8,24.55,128,9,30.60,128,10,53.99,128,11,702.98,128,12,81.,128,13,24.,128,18,0.0,128,28,0.80,128,29,285.,128,33,,0,38,,0,41,,0
1H,1,2013/06/06 18:30:00,1,28.5,128,2,0.32,128,3,0.046,128,4,3.9,128,5,4.8,128,6,8.7,128,7,0.3,128,8,24.49,128,9,30.53,128,10,54.48,128,11,703.02,128,12,71.,128,13,24.,128,18,0.0,128,28,0.81,128,29,322.,128,33,,0,38,,0,41,,0
1H,1,2013/06/06 18:35:00,1,28.4,128,2,0.34,128,3,0.045,128,4,2.7,128,5,4.2,128,6,6.9,128,7,0.4,128,8,24.38,128,9,30.41,128,10,54.81,128,11,703.06,128,12,65.,128,13,24.,128,18,0.0,128,28,0.83,128,29,320.,128,33,,0,38,,0,41,,0
1H,1,2013/06/06 18:40:00,1,28.2,128,2,0.36,128,3,0.043,128,4,2.1,128,5,6.1,128,6,8.2,128,7,0.6,128,8,24.34,128,9,30.22,128,10,54.97,128,11,703.13,128,12,59.,128,13,24.,128,18,0.0,128,28,0.99,128,29,296.,128,33,,0,38,,0,41,,0
1H,1,2013/06/06 18:45:00,1,28.1,128,2,0.40,128,3,0.041,128,4,2.9,128,5,6.6,128,6,9.5,128,7,0.6,128,8,24.16,128,9,30.10,128,10,55.58,128,11,703.19,128,12,55.,128,13,24.,128,18,0.0,128,28,0.93,128,29,335.,128,33,,0,38,,0,41,,0
1H,1,2013/06/06 18:50:00,1,28.0,128,2,0.41,128,3,0.039,128,4,2.9,128,5,6.5,128,6,9.3,128,7,0.6,128,8,24.16,128,9,29.98,128,10,55.60,128,11,703.26,128,12,52.,128,13,24.,128,18,0.0,128,28,1.05,128,29,343.,128,33,,0,38,,0,41,,0
1H,1,2013/06/06 18:55:00,1,27.8,128,2,0.42,128,3,0.037,128,4,3.0,128,5,7.2,128,6,10.2,128,7,0.7,128,8,24.10,128,9,29.84,128,10,55.28,128,11,703.36,128,12,53.,128,13,24.,128,18,-0.1,128,28,0.95,128,29,329.,128,33,,0,38,,0,41,,0
1H,1,2013/06/06 19:00:00,1,27.7,128,2,0.38,128,3,0.036,128,4,4.1,128,5,7.7,128,6,11.8,128,7,0.7,128,8,24.01,128,9,29.78,128,10,54.91,128,11,703.33,128,12,49.,128,13,24.,128,18,0.0,128,28,0.95,128,29,330.,128,33,,0,38,,0,41,,0
1H,1,2013/06/06 19:05:00,1,27.7,128,2,0.44,128,3,0.035,128,4,2.8,128,5,8.6,128,6,11.5,128,7,0.7,128,8,24.07,128,9,29.71,128,10,54.95,128,11,703.41,128,12,49.,128,13,32.,128,18,0.0,128,28,1.02,128,29,350.,128,33,,0,38,,0,41,,0
1H,1,2013/06/06 19:10:00,1,27.7,128,2,0.39,128,3,0.036,128,4,2.2,128,5,7.5,128,6,9.7,128,7,0.8,128,8,24.08,128,9,29.59,128,10,54.99,128,11,703.43,128,12,48.,128,13,35.,128,18,0.0,128,28,1.02,128,29,347.,128,33,,0,38,,0,41,,0
1H,1,2013/06/06 19:15:00,1,27.7,128,2,0.39,128,3,0.035,128,4,3.6,128,5,8.6,128,6,12.2,128,7,0.8,128,8,24.00,128,9,29.53,128,10,55.00,128,11,703.45,128,12,49.,128,13,35.,128,18,0.0,128,28,1.03,128,29,340.,128,33,,0,38,,0,41,,0
1H,1,2013/06/06 19:20:00,1,27.6,128,2,0.48,128,3,0.031,128,4,5.6,128,5,9.2,128,6,14.8,128,7,0.7,128,8,23.92,128,9,29.50,128,10,55.37,128,11,703.51,128,12,49.,128,13,35.,128,18,0.0,128,28,0.79,128,29,336.,128,33,,0,38,,0,41,,0
1H,1,2013/06/06 19:25:00,1,27.5,128,2,0.51,128,3,0.027,128,4,5.3,128,5,11.1,128,6,16.4,128,7,0.6,128,8,23.82,128,9,29.43,128,10,55.50,128,11,703.50,128,12,48.,128,13,35.,128,18,0.0,128,28,0.93,128,29,338.,128,33,,0,38,,0,41,,0
1H,1,2013/06/06 19:30:00,1,27.5,128,2,0.47,128,3,0.026,128,4,3.1,128,5,10.1,128,6,13.2,128,7,0.7,128,8,23.75,128,9,29.41,128,10,55.73,128,11,703.50,128,12,49.,128,13,35.,128,18,0.0,128,28,0.83,128,29,328.,128,33,,0,38,,0,41,,0
1H,1,2013/06/06 19:35:00,1,27.5,128,2,0.53,128,3,0.025,128,4,5.4,128,5,10.8,128,6,16.2,128,7,1.0,128,8,23.77,128,9,29.38,128,10,55.95,128,11,703.50,128,12,49.,128,13,35.,128,18,0.0,128,28,0.72,128,29,315.,128,33,,0,38,,0,41,,0
1H,1,2013/06/06 19:40:00,1,27.4,128,2,0.53,128,3,0.023,128,4,3.7,128,5,13.8,128,6,17.4,128,7,1.1,128,8,23.73,128,9,29.31,128,10,57.47,128,11,703.46,128,12,49.,128,13,35.,128,18,0.0,128,28,1.13,128,29,273.,128,33,,0,38,,0,41,,0
1H,1,2013/06/06 19:45:00,1,27.4,128,2,0.40,128,3,0.022,128,4,4.1,128,5,11.6,128,6,15.7,128,7,1.2,128,8,23.56,128,9,29.29,128,10,61.21,128,11,703.57,128,12,49.,128,13,35.,128,18,0.0,128,28,1.25,128,29,280.,128,33,,0,38,,0,41,,0
1H,1,2013/06/06 19:50:00,1,27.3,128,2,0.43,128,3,0.022,128,4,0.4,128,5,7.9,128,6,8.4,128,7,1.0,128,8,23.56,128,9,29.11,128,10,62.42,128,11,703.64,128,12,49.,128,13,35.,128,18,0.0,128,28,1.18,128,29,270.,128,33,,0,38,,0,41,,0
1H,1,2013/06/06 19:55:00,1,27.3,128,2,0.42,128,3,0.022,128,4,4.3,128,5,6.2,128,6,10.6,128,7,0.8,128,8,23.60,128,9,28.98,128,10,63.18,128,11,703.78,128,12,49.,128,13,35.,128,18,-0.1,128,28,1.21,128,29,276.,128,33,,0,38,,0,41,,0
1H,1,2013/06/06 20:00:00,1,27.3,128,2,0.37,128,3,0.022,128,4,3.3,128,5,6.8,128,6,10.1,128,7,0.6,128,8,23.58,128,9,28.78,128,10,63.79,128,11,703.87,128,12,49.,128,13,35.,128,18,0.0,128,28,1.34,128,29,278.,128,33,,0,38,,0,41,,0
1H,1,2013/06/06 20:05:00,1,27.3,128,2,0.37,128,3,0.021,128,4,3.6,128,5,7.2,128,6,10.9,128,7,0.8,128,8,23.68,128,9,28.66,128,10,64.17,128,11,704.00,128,12,49.,128,13,34.,128,18,-0.1,128,28,1.50,128,29,272.,128,33,,0,38,,0,41,,0
1H,1,2013/06/06 20:10:00,1,27.4,128,2,0.37,128,3,0.021,128,4,-0.9,128,5,5.4,128,6,4.5,128,7,0.8,128,8,23.67,128,9,28.59,128,10,64.63,128,11,704.04,128,12,49.,128,13,35.,128,18,0.0,128,28,1.04,128,29,269.,128,33,,0,38,,0,41,,0
1H,1,2013/06/06 20:15:00,1,27.3,128,2,0.38,128,3,0.021,128,4,-0.7,128,5,8.2,128,6,7.4,128,7,0.9,128,8,23.54,128,9,28.47,128,10,64.79,128,11,704.11,128,12,49.,128,13,35.,128,18,0.0,128,28,1.03,128,29,290.,128,33,,0,38,,0,41,,0
1H,1,2013/06/06 20:20:00,1,27.2,128,2,0.38,128,3,0.020,128,4,3.6,128,5,5.7,128,6,9.3,128,7,1.1,128,8,23.50,128,9,28.37,128,10,65.03,128,11,704.16,128,12,49.,128,13,35.,128,18,-0.1,128,28,0.94,128,29,280.,128,33,,0,38,,0,41,,0
1H,1,2013/06/06 20:25:00,1,27.2,128,2,0.39,128,3,0.019,128,4,2.5,128,5,7.5,128,6,10.0,128,7,0.9,128,8,23.51,128,9,28.31,128,10,65.36,128,11,704.20,128,12,49.,128,13,35.,128,18,0.0,128,28,1.49,128,29,257.,128,33,,0,38,,0,41,,0
1H,1,2013/06/06 20:30:00,1,27.1,128,2,0.36,128,3,0.020,128,4,4.1,128,5,5.8,128,6,9.8,128,7,1.0,128,8,23.51,128,9,28.24,128,10,65.88,128,11,704.27,128,12,49.,128,13,35.,128,18,0.0,128,28,1.38,128,29,266.,128,33,,0,38,,0,41,,0
1H,1,2013/06/06 20:35:00,1,27.0,128,2,0.34,128,3,0.021,128,4,3.4,128,5,7.0,128,6,10.4,128,7,0.6,128,8,23.42,128,9,28.17,128,10,66.12,128,11,704.38,128,12,49.,128,13,35.,128,18,0.0,128,28,1.80,128,29,262.,128,33,,0,38,,0,41,,0
1H,1,2013/06/06 20:40:00,1,26.9,128,2,0.30,128,3,0.022,128,4,4.1,128,5,6.3,128,6,10.4,128,7,0.8,128,8,23.37,128,9,28.06,128,10,66.54,128,11,704.49,128,12,49.,128,13,35.,128,18,0.0,128,28,1.55,128,29,262.,128,33,,0,38,,0,41,,0
1H,1,2013/06/06 20:45:00,1,26.9,128,2,0.30,128,3,0.023,128,4,2.1,128,5,7.3,128,6,9.4,128,7,0.8,128,8,23.34,128,9,27.99,128,10,66.77,128,11,704.51,128,12,48.,128,13,35.,128,18,0.0,128,28,1.66,128,29,262.,128,33,,0,38,,0,41,,0
1H,1,2013/06/06 20:50:00,1,27.0,128,2,0.30,128,3,0.023,128,4,2.1,128,5,6.5,128,6,8.6,128,7,0.7,128,8,23.41,128,9,27.91,128,10,67.06,128,11,704.63,128,12,49.,128,13,35.,128,18,0.0,128,28,1.55,128,29,272.,128,33,,0,38,,0,41,,0
1H,1,2013/06/06 20:55:00,1,26.9,128,2,0.28,128,3,0.023,128,4,0.9,128,5,3.4,128,6,4.2,128,7,0.7,128,8,23.39,128,9,27.82,128,10,67.34,128,11,704.80,128,12,49.,128,13,35.,128,18,0.0,128,28,1.59,128,29,272.,128,33,,0,38,,0,41,,0
1H,1,2013/06/06 21:00:00,1,26.9,128,2,0.29,128,3,0.023,128,4,2.2,128,5,4.6,128,6,6.8,128,7,0.7,128,8,23.32,128,9,27.78,128,10,67.77,128,11,704.97,128,12,49.,128,13,36.,128,18,0.0,128,28,1.17,128,29,268.,128,33,,0,38,,0,41,,0
1H,1,2013/06/06 21:05:00,1,27.1,128,2,0.30,128,3,0.023,128,4,3.5,128,5,4.5,128,6,8.1,128,7,0.7,128,8,23.45,128,9,27.76,128,10,68.04,128,11,705.08,128,12,50.,128,13,25.,128,18,0.0,128,28,1.13,128,29,268.,128,33,,0,38,,0,41,,0
1H,1,2013/06/06 21:10:00,1,27.1,128,2,0.33,128,3,0.022,128,4,1.5,128,5,6.5,128,6,7.9,128,7,0.6,128,8,23.41,128,9,27.80,128,10,68.19,128,11,705.15,128,12,49.,128,13,24.,128,18,0.0,128,28,1.40,128,29,263.,128,33,,0,38,,0,41,,0
1H,1,2013/06/06 21:15:00,1,27.1,128,2,0.31,128,3,0.022,128,4,3.1,128,5,6.3,128,6,9.5,128,7,0.6,128,8,23.36,128,9,27.78,128,10,68.54,128,11,705.21,128,12,49.,128,13,24.,128,18,0.0,128,28,1.32,128,29,259.,128,33,,0,38,,0,41,,0
1H,1,2013/06/06 21:20:00,1,27.0,128,2,0.33,128,3,0.021,128,4,3.4,128,5,6.2,128,6,9.6,128,7,0.4,128,8,23.30,128,9,27.78,128,10,68.80,128,11,705.25,128,12,49.,128,13,24.,128,18,0.0,128,28,1.17,128,29,251.,128,33,,0,38,,0,41,,0
1H,1,2013/06/06 21:25:00,1,26.9,128,2,0.37,128,3,0.019,128,4,2.4,128,5,7.5,128,6,9.9,128,7,0.5,128,8,23.22,128,9,27.74,128,10,68.70,128,11,705.30,128,12,49.,128,13,23.,128,18,-0.1,128,28,1.43,128,29,252.,128,33,,0,38,,0,41,,0
1H,1,2013/06/06 21:30:00,1,26.8,128,2,0.35,128,3,0.019,128,4,3.7,128,5,8.3,128,6,12.0,128,7,0.8,128,8,23.14,128,9,27.71,128,10,68.68,128,11,705.37,128,12,49.,128,13,24.,128,18,0.0,128,28,1.40,128,29,263.,128,33,,0,38,,0,41,,0
1H,1,2013/06/06 21:35:00,1,26.8,128,2,0.33,128,3,0.019,128,4,2.6,128,5,8.6,128,6,11.2,128,7,0.8,128,8,23.20,128,9,27.65,128,10,68.81,128,11,705.35,128,12,49.,128,13,24.,128,18,0.0,128,28,1.32,128,29,270.,128,33,,0,38,,0,41,,0
1H,1,2013/06/06 21:40:00,1,26.7,128,2,0.31,128,3,0.020,128,4,5.4,128,5,5.8,128,6,11.2,128,7,0.8,128,8,23.23,128,9,27.57,128,10,68.62,128,11,705.39,128,12,49.,128,13,24.,128,18,0.0,128,28,1.50,128,29,259.,128,33,,0,38,,0,41,,0
1H,1,2013/06/06 21:45:00,1,26.7,128,2,0.29,128,3,0.022,128,4,5.4,128,5,5.5,128,6,10.8,128,7,0.8,128,8,23.16,128,9,27.54,128,10,68.43,128,11,705.47,128,12,49.,128,13,24.,128,18,0.0,128,28,1.36,128,29,252.,128,33,,0,38,,0,41,,0
1H,1,2013/06/06 21:50:00,1,26.7,128,2,0.30,128,3,0.022,128,4,5.8,128,5,6.6,128,6,12.4,128,7,0.8,128,8,23.18,128,9,27.60,128,10,68.05,128,11,705.46,128,12,49.,128,13,24.,128,18,0.0,128,28,1.53,128,29,257.,128,33,,0,38,,0,41,,0
1H,1,2013/06/06 21:55:00,1,26.7,128,2,0.26,128,3,0.020,128,4,6.0,128,5,9.7,128,6,15.6,128,7,0.8,128,8,23.21,128,9,27.58,128,10,67.72,128,11,705.47,128,12,50.,128,13,24.,128,18,0.0,128,28,1.83,128,29,269.,128,33,,0,38,,0,41,,0
1H,1,2013/06/06 22:00:00,1,26.7,128,2,0.25,128,3,0.018,128,4,1.2,128,5,10.4,128,6,11.7,128,7,0.6,128,8,23.25,128,9,27.53,128,10,67.88,128,11,705.44,128,12,50.,128,13,24.,128,18,0.0,128,28,1.31,128,29,263.,128,33,,0,38,,0,41,,0
1H,1,2013/06/06 22:05:00,1,26.8,128,2,0.28,128,3,0.016,128,4,5.5,128,5,8.0,128,6,13.6,128,7,0.4,128,8,23.37,128,9,27.54,128,10,67.89,128,11,705.46,128,12,50.,128,13,20.,128,18,0.0,128,28,1.14,128,29,263.,128,33,,0,38,,0,41,,0
1H,1,2013/06/06 22:10:00,1,26.9,128,2,0.34,128,3,0.015,128,4,7.6,128,5,12.1,128,6,19.6,128,7,0.4,128,8,23.27,128,9,27.57,128,10,67.87,128,11,705.43,128,12,50.,128,13,20.,128,18,0.0,128,28,1.18,128,29,254.,128,33,,0,38,,0,41,,0
1H,1,2013/06/06 22:15:00,1,26.8,128,2,0.38,128,3,0.015,128,4,4.6,128,5,11.5,128,6,16.1,128,7,0.4,128,8,23.18,128,9,27.60,128,10,67.82,128,11,705.35,128,12,50.,128,13,20.,128,18,0.0,128,28,1.23,128,29,265.,128,33,,0,38,,0,41,,0
1H,1,2013/06/06 22:20:00,1,26.8,128,2,0.38,128,3,0.016,128,4,3.1,128,5,9.6,128,6,12.7,128,7,0.5,128,8,23.17,128,9,27.62,128,10,67.82,128,11,705.34,128,12,50.,128,13,20.,128,18,0.0,128,28,1.18,128,29,253.,128,33,,0,38,,0,41,,0
1H,1,2013/06/06 22:25:00,1,26.7,128,2,0.31,128,3,0.015,128,4,2.0,128,5,11.6,128,6,13.5,128,7,0.6,128,8,23.13,128,9,27.61,128,10,67.73,128,11,705.24,128,12,49.,128,13,20.,128,18,0.0,128,28,1.26,128,29,265.,128,33,,0,38,,0,41,,0
1H,1,2013/06/06 22:30:00,1,26.7,128,2,0.27,128,3,0.016,128,4,3.7,128,5,9.8,128,6,13.5,128,7,0.6,128,8,23.13,128,9,27.53,128,10,67.51,128,11,705.25,128,12,49.,128,13,20.,128,18,0.0,128,28,1.52,128,29,265.,128,33,,0,38,,0,41,,0
1H,1,2013/06/06 22:35:00,1,26.6,128,2,0.23,128,3,0.018,128,4,2.5,128,5,9.7,128,6,12.2,128,7,0.5,128,8,23.12,128,9,27.43,128,10,67.58,128,11,705.19,128,12,49.,128,13,20.,128,18,0.0,128,28,1.54,128,29,260.,128,33,,0,38,,0,41,,0
1H,1,2013/06/06 22:40:00,1,26.6,128,2,0.24,128,3,0.021,128,4,5.2,128,5,6.7,128,6,11.9,128,7,0.5,128,8,23.04,128,9,27.36,128,10,67.72,128,11,705.13,128,12,49.,128,13,20.,128,18,0.0,128,28,1.52,128,29,265.,128,33,,0,38,,0,41,,0
1H,1,2013/06/06 22:45:00,1,26.6,128,2,0.25,128,3,0.022,128,4,2.9,128,5,6.4,128,6,9.3,128,7,0.3,128,8,23.08,128,9,27.28,128,10,67.95,128,11,705.05,128,12,50.,128,13,20.,128,18,0.0,128,28,1.28,128,29,260.,128,33,,0,38,,0,41,,0
1H,1,2013/06/06 22:50:00,1,26.6,128,2,0.32,128,3,0.022,128,4,4.9,128,5,6.7,128,6,11.6,128,7,0.4,128,8,23.05,128,9,27.30,128,10,68.09,128,11,705.02,128,12,49.,128,13,20.,128,18,0.0,128,28,1.15,128,29,253.,128,33,,0,38,,0,41,,0
1H,1,2013/06/06 22:55:00,1,26.6,128,2,0.40,128,3,0.021,128,4,5.5,128,5,6.3,128,6,11.9,128,7,0.5,128,8,23.11,128,9,27.40,128,10,67.90,128,11,705.01,128,12,49.,128,13,20.,128,18,0.0,128,28,1.11,128,29,231.,128,33,,0,38,,0,41,,0
1H,1,2013/06/06 23:00:00,1,26.7,128,2,0.37,128,3,0.022,128,4,3.6,128,5,9.9,128,6,13.4,128,7,0.3,128,8,23.12,128,9,27.46,128,10,67.49,128,11,704.97,128,12,50.,128,13,20.,128,18,0.0,128,28,0.88,128,29,238.,128,33,,0,38,,0,41,,0
1H,1,2013/06/06 23:05:00,1,26.7,128,2,0.40,128,3,0.021,128,4,4.7,128,5,7.2,128,6,11.9,128,7,0.4,128,8,23.14,128,9,27.61,128,10,67.21,128,11,705.02,128,12,50.,128,13,30.,128,18,0.0,128,28,0.66,128,29,252.,128,33,,0,38,,0,41,,0
1H,1,2013/06/06 23:10:00,1,26.8,128,2,0.45,128,3,0.021,128,4,2.8,128,5,9.0,128,6,11.8,128,7,0.4,128,8,23.17,128,9,27.69,128,10,67.20,128,11,704.98,128,12,50.,128,13,33.,128,18,0.0,128,28,0.66,128,29,244.,128,33,,0,38,,0,41,,0
1H,1,2013/06/06 23:15:00,1,26.7,128,2,0.43,128,3,0.020,128,4,2.6,128,5,7.6,128,6,10.2,128,7,0.5,128,8,23.07,128,9,27.71,128,10,66.80,128,11,704.93,128,12,50.,128,13,33.,128,18,0.0,128,28,0.89,128,29,248.,128,33,,0,38,,0,41,,0
1H,1,2013/06/06 23:20:00,1,26.7,128,2,0.45,128,3,0.020,128,4,3.8,128,5,9.6,128,6,13.4,128,7,0.5,128,8,23.09,128,9,27.66,128,10,67.07,128,11,704.79,128,12,50.,128,13,33.,128,18,0.0,128,28,1.02,128,29,219.,128,33,,0,38,,0,41,,0
1H,1,2013/06/06 23:25:00,1,26.6,128,2,0.41,128,3,0.019,128,4,4.5,128,5,8.4,128,6,12.9,128,7,0.5,128,8,23.06,128,9,27.65,128,10,67.44,128,11,704.76,128,12,50.,128,13,33.,128,18,0.0,128,28,0.73,128,29,236.,128,33,,0,38,,0,41,,0
1H,1,2013/06/06 23:30:00,1,26.6,128,2,0.40,128,3,0.019,128,4,3.0,128,5,7.8,128,6,10.8,128,7,0.5,128,8,23.07,128,9,27.65,128,10,67.34,128,11,704.75,128,12,50.,128,13,33.,128,18,0.0,128,28,0.50,128,29,231.,128,33,,0,38,,0,41,,0
1H,1,2013/06/06 23:35:00,1,26.5,128,2,0.39,128,3,0.019,128,4,3.3,128,5,7.9,128,6,11.2,128,7,0.6,128,8,23.05,128,9,27.57,128,10,67.25,128,11,704.77,128,12,50.,128,13,33.,128,18,0.0,128,28,0.69,128,29,238.,128,33,,0,38,,0,41,,0
1H,1,2013/06/06 23:40:00,1,26.5,128,2,0.36,128,3,0.019,128,4,4.9,128,5,5.4,128,6,10.2,128,7,0.4,128,8,23.12,128,9,27.51,128,10,67.14,128,11,704.68,128,12,51.,128,13,33.,128,18,0.0,128,28,0.93,128,29,223.,128,33,,0,38,,0,41,,0
1H,1,2013/06/06 23:45:00,1,26.5,128,2,0.38,128,3,0.020,128,4,7.2,128,5,6.1,128,6,13.2,128,7,0.4,128,8,23.19,128,9,27.49,128,10,67.44,128,11,704.64,128,12,50.,128,13,33.,128,18,0.0,128,28,0.62,128,29,222.,128,33,,0,38,,0,41,,0
1H,1,2013/06/06 23:50:00,1,26.5,128,2,0.37,128,3,0.020,128,4,5.9,128,5,7.1,128,6,13.0,128,7,0.5,128,8,23.35,128,9,27.46,128,10,67.56,128,11,704.63,128,12,51.,128,13,33.,128,18,0.0,128,28,0.85,128,29,213.,128,33,,0,38,,0,41,,0
1H,1,2013/06/06 23:55:00,1,26.7,128,2,0.34,129,3,0.020,128,4,3.4,128,5,7.7,128,6,11.1,128,7,0.5,64,8,23.47,128,9,27.35,128,10,67.65,128,11,704.56,128,12,50.,128,13,33.,128,18,0.0,128,28,1.18,128,29,216.,128,33,,0,38,,0,41,,0
