                 CO   O3    NO    NO2   NOx   NH3   SO2  BEN   TOL   PXY
                  mg/m³µg/m³ µg/m³ µg/m³ µg/m³ µg/m³µg/m³ µg/m³ µg/m³ µg/m³
  23/05/11 11:50   0.1  66.3   3.2  21.7  69.8   0.0  4.5   0.6   3.5   0.0
  23/05/11 11:55   0.1  66.7   3.1  21.4  68.6        4.4   0.6   3.5   0.0
  23/05/11 12:00   0.4  66.5   3.1  22.0  70.0              0.5   3.2   0.8
  23/05/11 12:05   0.4  65.7   3.3  21.7  70.0        4.5   0.5   3.2   0.8
  23/05/11 12:10   0.4  70.1   3.4  20.2  66.3        4.7   0.5   3.2   0.8
  23/05/11 12:15   0.4  75.3   3.2  20.3  66.0        5.4   0.5   3.0   0.8
  23/05/11 12:20   0.3  79.9   3.4  20.4  67.1        5.7   0.5   3.0   0.8
  23/05/11 12:25   0.3  83.6   3.4  19.9  65.3        6.1   0.5   3.0   0.8
  23/05/11 12:30   0.3  86.6   3.3  20.6  67.3        6.7   0.5   2.8   0.6
  23/05/11 12:35   0.3  91.4   3.4  20.7  67.6        8.5   0.5   2.8   0.6
  23/05/11 12:40   0.3  92.3   3.3  20.8  67.6       11.3   0.5   2.8   0.6
  23/05/11 12:45   0.4  89.4   3.6  20.2  67.0       13.7   0.5   3.0   0.7
  23/05/11 12:50   0.4  92.2   3.7  20.1  67.1       16.5   0.5   3.0   0.7
  23/05/11 12:55   0.4  95.5   3.8  19.4  65.9       17.8   0.5   3.0   0.7
  23/05/11 13:00   0.4  96.6   3.5  18.9  63.5       20.2   0.6   3.3   0.8
  23/05/11 13:05   0.5  96.3   3.1  18.9  61.8       21.9   0.6   3.3   0.8
  23/05/11 13:10   0.4  96.3   2.9  19.4  62.1       23.3   0.6   3.2   0.8
  23/05/11 13:15   0.4  96.3   2.8  19.4  61.9       24.1   0.7   3.0   0.7
  23/05/11 13:20   0.4  90.8   3.6  19.3  65.1       24.7   0.7   3.0   0.7
  23/05/11 13:25   0.4  87.7   3.6  19.2  64.9       25.3   0.7   3.1   0.7
  23/05/11 13:30   0.4  85.9   3.3  19.1  62.8       24.7   0.9   3.3   0.7
  23/05/11 13:35        87.7   2.7  19.5  61.8              0.9   3.3   0.7
  23/05/11 13:40        90.0   2.6  19.5  61.4              0.9   3.4   0.8
  23/05/11 13:45        92.9   2.9  20.0  63.7              0.9   3.7   0.9
  23/05/11 13:50        93.4   3.3  19.4  63.9              0.9   3.7   0.9
  23/05/11 13:55        93.8   3.2  19.2  63.2              0.9   3.7   0.9
  23/05/11 14:00        95.5   3.3  19.1  63.3              0.9   3.8   0.8
  23/05/11 14:05        96.1   2.7  19.3  61.0   0.0        0.9   3.8   0.8
  23/05/11 14:10   0.5  92.2   2.9  19.2  61.6      324.7   0.9   3.9   0.8
  23/05/11 14:15   0.4  88.5   2.5  19.9  62.1       18.9   0.9   4.1   0.6
  23/05/11 14:20   0.3  86.7   2.4  21.3  65.3       19.0   0.9   4.1   0.6
  23/05/11 14:25   0.3  87.3   2.8  21.9  68.6       17.5   0.9   4.2   0.7
  23/05/11 14:30   0.3  86.8   3.3  21.0  67.8   0.3 17.1   0.8   4.2   0.8
  23/05/11 14:35   0.3  88.7   3.5  21.0  69.0   0.9 17.7   0.8   4.2   0.8
  23/05/11 14:40   0.3  88.5   3.8  20.0  67.3   1.2 17.4   0.8   4.3   0.8
  23/05/11 14:45   0.2  88.8   3.2  18.9  62.3   1.4 16.8   0.7   4.6   0.8
  23/05/11 14:50   0.3  90.5   2.3  18.3  57.0   2.0 16.2   0.7   4.6   0.8
  23/05/11 14:55   0.3  89.4   3.1  20.8  67.0   1.4 16.0   0.7   4.8   0.9
  23/05/11 15:00   0.2  86.2   3.3  18.1  60.5   1.9 15.9   0.7   5.4   1.1
  23/05/11 15:05   0.1  85.1   3.9  15.3  55.7   2.6 15.5   0.7   5.4   1.1
  23/05/11 15:10   0.1  84.3   5.2  14.0  57.5   2.7 15.6   0.7   5.3   1.0
  23/05/11 15:15   0.1  86.1   4.2  15.4  57.3   2.6 15.6   0.6   4.9   0.7
  23/05/11 15:20   0.0  87.4   2.7  16.9  55.3   2.5 15.0   0.6   4.9   0.7
  23/05/11 15:25  -0.1  89.2   3.0  16.3  54.8   2.2 14.9   0.6   4.9   0.8
  23/05/11 15:30  -0.1  90.2   3.8  16.3  57.6   1.9 15.3   0.6   5.0   0.9
  23/05/11 15:35  -0.1  91.7   3.9  17.3  60.7   1.6 15.1   0.6   5.0   0.9
  23/05/11 15:40        93.6   3.9  17.2  60.5   1.7 15.6   0.6   5.0   0.9
  23/05/11 15:45        94.1                         16.5   0.6   5.1   0.8
  23/05/11 15:50        91.8                         16.6   0.6   5.1   0.8
  23/05/11 15:55        89.7                         16.8   0.6   5.3   0.8
  23/05/11 16:00   0.2  86.1                         16.1   0.7   5.7   0.9
  23/05/11 16:05   0.2  82.8                         16.2   0.7   5.7   0.9
  23/05/11 16:10   0.3  77.6                         16.6   0.7   5.7   0.9
  23/05/11 16:15   0.5  57.6  -0.5  21.7  54.6   0.6 16.2   0.7   5.5   1.1
  23/05/11 16:20   0.6  39.6  -0.7  18.1  44.4   1.3 15.3   0.7   5.5   1.1
  23/05/11 16:25   0.9  48.2   0.5  15.4  42.3   1.3 15.2   0.7   5.6   0.9
  23/05/11 16:30   0.5  79.4   1.8  17.3  52.6   0.5 15.5   0.6   5.6   0.4
  23/05/11 16:35   0.5  84.6   0.0  16.0  41.9   1.6 15.2   0.6   5.6   0.4
  23/05/11 16:40   0.5  85.5   0.3  18.9  50.5   0.7 14.9   0.6   5.7   0.5
  23/05/11 16:45   0.5  84.2   1.0  18.0  51.0   0.2 14.3   0.6   5.8   0.7
  23/05/11 16:50   0.5  80.9   0.4  15.6  42.3   1.1 13.2   0.6   5.8   0.7
  23/05/11 16:55   0.4  81.2   2.0  15.3  48.0   0.6 12.6   0.6   5.7   0.7
  23/05/11 17:00   0.3  81.1   2.9  16.4  54.2   0.1 12.4   0.5   5.4   0.9
  23/05/11 17:05   0.3  76.8   2.0  20.3  61.1       12.0   0.5   5.4   0.9
  23/05/11 17:10   0.3  75.8   1.8  18.7  56.0   0.3 11.9   0.5   5.3   0.9
  23/05/11 17:15   0.4  77.4   2.2  17.7  55.3   0.4 12.0   0.5   5.0   0.8
  23/05/11 17:20   0.4  77.5   2.3  18.3  57.2   0.2 12.3   0.5   5.0   0.8
  23/05/11 17:25   0.4  80.2   2.1  18.9  57.9   0.4 12.6   0.5   5.0   0.9
  23/05/11 17:30   0.4  80.3   1.9  18.2  55.1   0.5 13.1   0.6   4.9   1.2
  23/05/11 17:35   0.5  73.1   2.2  21.8  65.8       13.2   0.6   4.9   1.2
  23/05/11 17:40   0.4  72.5   1.6  23.1  66.7       13.1   0.6   4.9   1.3
  23/05/11 17:45   0.4  72.6   2.0  23.4  69.2       13.0   0.6   4.9   1.6
  23/05/11 17:50   0.3  74.5   2.5  22.1  67.8       12.8   0.6   4.9   1.6
  23/05/11 17:55   0.4  72.5   2.4  22.6  68.8       12.6   0.6   5.0   1.5
  23/05/11 18:00   0.4  73.2   2.7  21.8  67.7              0.6   5.1   1.3
  23/05/11 18:05   0.4  74.8   2.4  21.0  64.4   0.2 12.9   0.6   5.1   1.3
  23/05/11 18:10   0.5  76.0   2.1  20.4  61.7   0.7 12.6   0.6   5.1   1.2
  23/05/11 18:15   0.5  76.4   2.9  21.6  67.9   0.1 12.2   0.6   5.1   1.1
  23/05/11 18:20   0.5  73.7   2.8  23.8  73.4       11.3   0.6   5.1   1.1
  23/05/11 18:25   0.5  69.2   2.8  26.0  78.9       10.6   0.6   5.0   1.1
  23/05/11 18:30   0.6  65.6   2.5  28.5  84.5        9.4   0.5   4.8   1.0
  23/05/11 18:35   0.6  62.1   1.9  30.9  88.5        8.3   0.5   4.8   1.0
  23/05/11 18:40   0.7  62.9   1.9  32.9  93.7        8.7   0.6   4.9   1.2
  23/05/11 18:45   0.8  58.6   2.5  39.1 112.4        8.1   0.7   5.3   1.5
  23/05/11 18:50   0.7  63.2   1.6  42.4 117.2        6.9   0.7   5.3   1.5
  23/05/11 18:55   0.8  46.2   1.8  48.1 133.0        6.5   0.7   5.5   1.7
  23/05/11 19:00   0.9  34.9   3.3  59.0 167.4        6.9   0.8   5.9   2.0
  23/05/11 19:05   1.0  30.8   3.6  63.7 180.9        7.1   0.8   5.9   2.0
  23/05/11 19:10   1.2  23.1   4.0  72.8 206.4        7.4   0.8   6.0   2.2
  23/05/11 19:15   1.3  22.1   4.1  73.2 207.7        7.5   0.9   6.1   2.6
  23/05/11 19:20   1.4  22.4   4.5  71.9 205.9        7.3   0.9   6.1   2.6
  23/05/11 19:25   1.4  23.2   3.4  71.3 200.0        7.1   0.9   6.2   2.7
  23/05/11 19:30   1.5  21.4   3.0  71.5 198.9        7.6   1.0   6.4   2.9
  23/05/11 19:35   1.7  16.2   2.8  74.6 206.2        7.8   1.0   6.4   2.9
  23/05/11 19:40   1.8  11.3   3.0  82.6 227.8        7.8   1.2   7.0   3.4
  23/05/11 19:45   1.7   8.9   4.2  87.8 246.4        8.0   1.5   8.2   4.2
  23/05/11 19:50   1.8   7.2   5.9  90.7 260.4        7.8   1.5   8.2   4.2
  23/05/11 19:55   1.8   6.5   7.6  89.1 263.1        7.6   1.5   8.6   4.6
  23/05/11 20:00   1.6   7.1   5.2  88.9 253.1        6.9   1.6   9.3   5.3
  23/05/11 20:05   1.6   8.7   4.1  86.5 242.5        6.7   1.6   9.3   5.3
  23/05/11 20:10   1.6   8.9   4.3  85.3 239.9        6.6   1.6   9.7   5.3
  23/05/11 20:15   1.5   9.8   4.2  84.3 237.1        7.2   1.7  10.4   5.3
  23/05/11 20:20   1.5  10.4   4.4  84.9 239.2        7.5   1.7  10.4   5.3
  23/05/11 20:25   1.5  13.7   4.4  83.8 236.6        8.7   1.6  10.5   5.2
  23/05/11 20:30   1.4  16.0   4.1  82.2 231.2       10.2   1.6  10.7   5.0
  23/05/11 20:35   1.4  16.4   3.9  81.5 228.5       12.1   1.6  10.7   5.0
  23/05/11 20:40   1.6  18.0   4.0  80.3 225.9       13.1   1.6  10.9   5.7
  23/05/11 20:45   1.5  18.6   3.9  79.9 224.5       15.5   1.7  11.2   6.6
  23/05/11 20:50   1.4  21.0   3.8  79.5 222.7       17.8   1.7  11.2   6.6
  23/05/11 20:55   1.4  23.5   3.8  77.7 218.2       18.9   1.6  10.9   6.6
  23/05/11 21:00   1.3  25.7   4.1  76.4 215.8       20.7   1.6  10.5   6.5
  23/05/11 21:05   1.4  25.0   4.1  74.9 211.9       22.4   1.6  10.5   6.5
  23/05/11 21:10   1.4  23.9   3.1  75.1 208.7       22.3   1.6  10.2   6.0
  23/05/11 21:15   1.4  21.3   3.0  75.4 209.2       21.7   1.6   9.7   5.4
  23/05/11 21:20   1.4  20.1   2.0  77.0 209.3       22.4   1.6   9.7   5.4
  23/05/11 21:25   1.8  17.4   3.2  77.6 215.5       22.5   1.6   9.8   5.5
  23/05/11 21:30   2.0  14.3   6.7  80.5 237.3       22.5   1.7  10.0   5.5
  23/05/11 21:35   2.0  11.8   7.1  90.5 264.8       22.0   1.7  10.0   5.5
  23/05/11 21:40   1.8  12.4   6.3  90.9 262.6       21.6   1.8  10.3   5.5
  23/05/11 21:45   1.8  10.1   4.4  92.1 258.3       21.2   1.8  10.7   5.6
  23/05/11 21:50   1.8   8.3   5.8  91.1 261.1       20.7   1.8  10.7   5.6
  23/05/11 21:55   1.8   5.9  10.2  92.0 281.0       21.0   2.2  10.8   5.6
  23/05/11 22:00   1.9   5.9  16.0  91.2 302.4       20.9   2.6  10.9   5.6
  23/05/11 22:05   1.9   6.8  15.8  93.6 307.7       20.1   2.6  10.9   5.6
  23/05/11 22:10   1.8  10.1   8.9  88.5 266.7       20.5   2.3  11.4   5.8
  23/05/11 22:15   1.6  15.2   3.6  82.7 230.4       19.7   2.1  12.1   5.9
  23/05/11 22:20   1.7  16.9   3.9  82.3 230.8       19.7   2.1  12.1   5.9
  23/05/11 22:25   2.4  14.4  29.1  82.4 331.9       20.2   2.1  12.5   6.2
  23/05/11 22:30   2.0   9.8  19.6  98.0 334.4       19.7   2.2  13.1   6.5
  23/05/11 22:35   1.9   8.7   9.6  91.8 278.1       18.6   2.2  13.1   6.5
  23/05/11 22:40   1.7   8.6   9.2  85.8 260.9       19.0   2.2  12.5   6.2
  23/05/11 22:45   1.7   6.4  12.3  86.8 276.3       18.7   2.2  11.9   5.8
  23/05/11 22:50   1.7   5.4  17.8  88.1 301.4       18.2   2.2  11.9   5.8
  23/05/11 22:55   1.8   5.2  18.4  91.0 311.6       17.3   2.5  12.4   6.0
  23/05/11 23:00   1.8   5.4  20.5  92.5 323.6       16.3   2.9  12.8   6.1
  23/05/11 23:05   1.9   6.2  21.7  94.1 332.9       16.1   2.9  12.8   6.1
  23/05/11 23:10   2.0   7.5  28.1  87.0 339.8       16.2   2.7  12.3   5.9
  23/05/11 23:15   2.0   6.9  28.8  88.8 347.3       16.5   2.4  11.7   5.6
  23/05/11 23:20   1.9   4.2  29.4  89.5 351.4       16.0   2.4  11.7   5.6
  23/05/11 23:25   1.8   5.2  28.2  92.2 353.8       15.9   2.5  12.0   5.8
  23/05/11 23:30   1.8   6.9  29.3  91.1 355.2       16.4   2.6  12.3   5.9
  23/05/11 23:35   1.7   7.2  31.0  89.7 358.1       16.7   2.6  12.3   5.9
  23/05/11 23:40   1.7   6.3  33.7  86.2 359.9       16.2   2.7  12.7   6.1
  23/05/11 23:45   1.8   5.8  37.0  83.4 366.0       15.9   2.8  13.0   6.2
  23/05/11 23:50   1.4   5.9  33.8  87.9 365.1       16.2   2.8  13.0   6.2
  23/05/11 23:55   1.3   6.7  31.2  90.8 362.3       16.6   2.7  13.1   6.3
  24/05/11 00:00   1.2   6.5  29.7  91.9 358.7              2.6  13.1   6.4
  24/05/11 00:05   1.1   4.4  25.9  96.0 354.5       16.6   2.6  13.1   6.4
  24/05/11 00:10   1.1   4.0  21.6 100.1 348.3       16.4   2.5  12.3   6.1
  24/05/11 00:15   1.2   4.5  15.9 104.4 336.6       14.5   2.4  11.7   5.8
  24/05/11 00:20   1.2   1.8   6.7 103.4 297.0       12.8   2.4  11.7   5.8
  24/05/11 00:25   1.2   1.9   4.9  94.5 266.6       12.2   2.2  10.3   3.5
  24/05/11 00:30   1.1   2.4  10.6  90.1 278.0       11.1   2.0   9.3   1.7
  24/05/11 00:35   1.0   4.0  14.1  87.1 284.1       11.0   2.0   9.3   1.7
  24/05/11 00:40   1.0   6.3  15.1  86.0 285.0       10.4   1.8   8.3   1.4
  24/05/11 00:45   1.0   7.4  16.5  84.7 287.6       10.1   1.6   7.5   1.1
  24/05/11 00:50   1.1   8.8  21.0  79.2 291.3        9.7   1.6   7.5   1.1
  24/05/11 00:55   1.0   7.2  16.6  85.7 290.5        8.9   1.6   7.3   1.1
  24/05/11 01:00   0.9   7.5   4.7  95.3 267.8        8.2   1.6   7.2   1.1
  24/05/11 01:05   0.8   7.0   6.4  85.8 249.8        8.3   1.6   7.2   1.1
  24/05/11 01:10   0.8   7.0   5.0  85.7 244.0        7.6   1.6   7.2   2.1
  24/05/11 01:15   0.8   7.1   4.9  86.5 245.6        6.8   1.7   7.3   2.8
  24/05/11 01:20   0.8   6.2   6.0  86.2 249.3        5.5   1.7   7.3   2.8
  24/05/11 01:25   0.8   5.4   6.5  86.7 252.5        5.5   1.5   6.7   2.5
  24/05/11 01:30   0.7   4.1   6.4  86.5 251.8        5.4   1.4   6.3   2.2
  24/05/11 01:35   0.8   7.6   5.3  85.0 243.3        5.9   1.4   6.3   2.2
  24/05/11 01:40   1.0  11.7   3.5  70.3 197.6        5.4   1.3   5.7   1.9
  24/05/11 01:45   1.1  14.2   3.0  58.6 165.0        5.4   1.3   5.3   1.7
  24/05/11 01:50   1.3  35.1   3.4  56.1 160.2        4.8   1.3   5.3   1.7
  24/05/11 01:55   1.6  24.4   2.8  52.9 149.7        4.5   1.4   5.1   1.6
  24/05/11 02:00   1.8  22.6   2.1  48.2 134.0        4.2   1.5   4.9   1.5
  24/05/11 02:05   1.8  22.2   1.9  45.6 126.6        4.0   1.5   4.9   1.5
  24/05/11 02:10   1.8  20.6   1.8  46.2 127.6        3.8   2.1   4.6   1.3
  24/05/11 02:15   1.8  19.7   2.1  45.5 127.1        3.1   2.4   4.4   1.2
  24/05/11 02:20   1.7  18.2   2.4  45.4 128.0        2.6   2.4   4.4   1.2
  24/05/11 02:25   1.7  14.0   2.3  46.6 131.0        2.7   3.0   4.2   1.0
  24/05/11 02:30   1.7  11.2   2.2  49.5 137.9        2.8   3.4   4.1   0.9
  24/05/11 02:35   1.6   9.5   1.8  53.8 147.9        3.2   3.4   4.1   0.9
  24/05/11 02:40   1.5   7.3   2.5  63.3 175.4        3.1   3.3   4.1   0.9
  24/05/11 02:45   1.4   6.5  10.2  72.2 229.4        3.1   3.3   4.1   0.9
  24/05/11 02:50   1.4   4.6        44.6              3.4   3.3   4.1   0.9
  24/05/11 02:55   1.4   4.0  17.6  65.3 241.0        2.9   3.2   4.1   0.9
  24/05/11 03:00   1.4   3.9  18.0  67.2 247.7        3.1   3.1   4.2   0.9
  24/05/11 03:05   1.0   4.2  18.3  68.4 251.9        2.5   3.1   4.2   0.9
  24/05/11 03:10   0.9   3.6  19.2  69.7 258.7        2.7   2.9   4.0   0.9
  24/05/11 03:15   1.0   3.0  19.5  70.4 262.1        2.5   2.7   3.9   0.9
  24/05/11 03:20   1.1   3.9  14.5  73.2 249.2        2.9   2.7   3.9   0.9
  24/05/11 03:25   1.1   4.3  11.1  71.4 230.8        2.3   2.5   3.9   0.9
  24/05/11 03:30   1.1   2.1  10.7  70.3 226.6        2.2   2.5   3.9   0.9
  24/05/11 03:35   1.1   2.7  11.2  69.8 227.0        1.1   2.5   3.9   0.9
  24/05/11 03:40   1.0   4.2  11.3  68.2 223.7        2.7   2.4   4.0   0.9
  24/05/11 03:45   1.0   5.0   8.5  67.8 211.0        2.5   2.4   4.0   1.0
  24/05/11 03:50   0.9   3.7   4.2  59.0 171.0        1.9   2.4   4.0   1.0
  24/05/11 03:55   0.9   6.2   3.5  45.9 133.8        1.8   2.3   4.0   1.0
  24/05/11 04:00   0.9   8.1   2.5  42.3 120.6        1.9   2.3   4.0   1.0
  24/05/11 04:05   0.9   8.5   1.8  41.6 115.8        2.4   2.3   4.0   1.0
  24/05/11 04:10   0.8   8.7   2.5  42.4 120.7        2.1   2.2   3.8   0.9
  24/05/11 04:15   0.8   7.4   2.3  44.2 124.9        1.8   2.2   3.7   0.9
  24/05/11 04:20   0.7   6.3   3.4  46.0 133.7        1.7   2.2   3.7   0.9
  24/05/11 04:25   0.7   9.0   3.6  47.3 138.0        1.8   2.1   3.5   0.8
  24/05/11 04:30   0.7  10.1   2.8  54.9 154.7        2.1   2.0   3.4   0.7
  24/05/11 04:35   0.7   8.0   4.3  55.6 162.4        3.3   2.0   3.4   0.7
  24/05/11 04:40   0.7   7.1   4.6  55.0 162.0        3.9   2.0   3.6   1.2
  24/05/11 04:45   0.7   7.1   4.6  52.6 155.9        3.8   2.0   3.7   1.3
  24/05/11 04:50   0.7   9.9   4.4  50.4 149.1        5.5   2.0   3.7   1.3
  24/05/11 04:55   0.7  11.8   3.6  47.9 139.3       11.7   1.9   4.8   0.3
  24/05/11 05:00   0.7  11.1   3.2  47.2 136.2       24.9   1.8   5.2   0.0
  24/05/11 05:05   0.6  10.7   2.8  48.6 138.0       40.4   1.8   5.2   0.0
  24/05/11 05:10   0.7  11.6   2.5  49.0 138.3       49.9   1.7   5.9   7.4
  24/05/11 05:15   0.7  11.4   2.2  49.2 137.5       53.9   1.7   6.1   9.7
  24/05/11 05:20   0.7  10.7   2.2  49.2 137.4       58.6   1.7   6.1   9.7
  24/05/11 05:25   0.7   9.2   2.3  49.9 139.7       58.8   1.6   6.6   2.3
  24/05/11 05:30   0.7   7.9   2.2  51.4 143.3       59.0   1.5   6.7   0.0
  24/05/11 05:35   0.6   7.6   2.4  53.0 148.1       58.6   1.5   6.7   0.0
  24/05/11 05:40   0.6   7.4   3.1  54.0 153.6       58.2   1.5   6.7   0.0
  24/05/11 05:45   0.6   6.5   3.4  54.5 155.9       54.9   1.5   6.7   0.0
  24/05/11 05:50   0.7   7.1   4.2  55.7 162.5       54.1   1.5   6.7   0.0
  24/05/11 05:55   0.6   8.5   7.0  55.9 174.3       52.9   1.5   6.4   0.0
  24/05/11 06:00   0.6   7.1   8.1  58.8 186.3              1.5   6.3   0.0
  24/05/11 06:05   0.6   6.7   8.4  59.7 189.5       53.1   1.5   6.3   0.0
  24/05/11 06:10   0.6   7.3   8.7  58.0 186.3       52.7   1.5   6.1   5.0
  24/05/11 06:15   0.6   8.8   9.4  56.9 186.3       51.2   1.5   6.1   6.3
  24/05/11 06:20   0.6   7.3   9.9  56.5 187.2       49.4   1.5   6.1   6.3
  24/05/11 06:25   0.7   7.1  10.7  56.2 189.7       46.2   1.6   6.6   5.8
  24/05/11 06:30   0.7   7.1  12.6  55.5 195.8       45.5   1.7   6.7   5.6
  24/05/11 06:35   0.7   6.5  14.4  54.7 200.4       44.5   1.7   6.7   5.6
  24/05/11 06:40   0.7   7.0  14.4  55.7 203.0       44.2   1.7   7.0   5.0
  24/05/11 06:45   0.7   8.3  15.8  55.0 207.0       42.6   1.7   7.1   4.8
  24/05/11 06:50   0.8   8.3  17.4  54.8 212.8       42.0   1.7   7.1   4.8
  24/05/11 06:55   0.8   7.9  18.0  55.4 216.8       40.8   1.7   7.7   4.4
  24/05/11 07:00   0.7   8.0  19.1  54.7 219.4       39.8   1.7   7.8   4.3
  24/05/11 07:05   0.7   7.8  19.0  55.4 220.7       38.6   1.7   7.8   4.3
  24/05/11 07:10   0.6  10.1  16.8  56.5 214.8       37.8   1.7   8.3   4.5
  24/05/11 07:15   0.5  10.3  13.4  58.1 205.7       36.4   1.7   8.4   4.6
  24/05/11 07:20   0.5  11.7  12.1  56.9 197.0       34.8   1.7   8.4   4.6
  24/05/11 07:25   0.7  12.3  11.9  52.8 185.4       33.7   1.7   8.4   4.3
  24/05/11 07:30   0.8  13.1  10.2  48.9 168.8       32.5   1.7   8.4   4.2
  24/05/11 07:35   0.9  15.0   9.9  48.6 166.8       32.2   1.7   8.4   4.2
  24/05/11 07:40   0.9  15.4   8.8  48.9 163.3       31.7   1.6   7.5   3.4
  24/05/11 07:45   0.8  17.4   9.0  48.1 161.9       30.1   1.6   7.3   3.3
  24/05/11 07:50   0.7  19.0   9.3  46.3 158.2       28.3   1.6   7.3   3.3
  24/05/11 07:55   0.7  21.2   8.8  42.7 146.9       27.0   1.5   6.7   2.6
  24/05/11 08:00   0.7  20.6   8.4  40.1 138.3       25.4   1.5   6.5   2.5
  24/05/11 08:05   0.7  21.6   8.2  40.3 137.9       24.3   1.5   6.5   2.5
  24/05/11 08:10   0.7  24.0   7.5  39.6 133.4       22.8   1.5   6.1   2.0
  24/05/11 08:15   0.7  27.8   6.9  40.2 132.7       22.2   1.5   6.0   1.9
  24/05/11 08:20   0.8  29.4   6.3  41.1 132.6       21.1   1.5   6.0   1.9
  24/05/11 08:25   0.8  32.5   5.6  41.9 132.0       19.2   1.4   5.6   1.9
  24/05/11 08:30   0.8  34.1   5.7  42.9 134.8       18.4   1.4   5.6   1.9
  24/05/11 08:35   0.7  37.1   5.4  43.4 134.7       16.6   1.4   5.6   1.9
  24/05/11 08:40   0.7  42.2   4.7  42.9 131.0       16.2   1.3   5.1   1.3
  24/05/11 08:45   0.6  49.1   3.2  38.2 112.8       15.8   1.3   5.1   1.2
  24/05/11 08:50   0.6  53.7   3.1  32.6  97.6       14.5   1.3   5.1   1.2
  24/05/11 08:55   0.6  59.6   3.3  31.4  95.1       14.3   1.2   5.0   1.3
  24/05/11 09:00   0.5  64.2   3.3  29.0  89.1       13.4   1.2   5.0   1.3
  24/05/11 09:05   0.5  67.4   3.7  27.0  85.3       12.7   1.2   5.0   1.3
  24/05/11 09:10   0.5  71.6  19.5   2.3  83.9       12.0   1.0   4.8   1.1
  24/05/11 09:15   0.5  73.9   6.1  23.6  86.1 153.0 11.1   1.0   4.8   1.1
  24/05/11 09:20   0.6  77.4   2.5  28.3  84.1  43.5 10.1   1.0   4.8   1.1
  24/05/11 09:25   0.4  79.1   1.9  27.5  79.3  38.8  8.7   0.9   4.3   1.0
  24/05/11 09:30   0.4  73.7   3.0  25.8  79.4  36.7  7.4   0.9   4.2   1.0
  24/05/11 09:35   0.4  70.0   2.8  25.6  77.9  33.3  6.3   0.9   4.2   1.0
  24/05/11 09:40   0.4  71.8   2.8  24.2  74.3  29.3  4.7   0.8   4.4   1.0
  24/05/11 09:45   0.4  76.6   3.1  23.0  72.7  27.6  3.0   0.8   4.4   1.0
  24/05/11 09:50   0.6  79.4   2.7  22.0  68.1  26.4  2.9   0.8   4.4   1.0
  24/05/11 09:55   0.6  82.2   2.7  22.6  70.0  26.0  4.5   0.7   3.8   0.9
  24/05/11 10:00   0.6  81.5   2.3  22.9  68.8  24.9  5.0   0.7   3.7   0.9
  24/05/11 10:05   0.5  81.5   2.7  23.0  71.0  23.5  4.6   0.7   3.7   0.9
  24/05/11 10:10   0.5  85.7   2.3  21.9  66.5  22.1  6.0   0.6   3.2   0.7
  24/05/11 10:15
  24/05/11 10:20
  24/05/11 10:25
  24/05/11 10:30
  24/05/11 10:35
  24/05/11 10:40
  24/05/11 10:45
  24/05/11 10:50
  24/05/11 10:55
  24/05/11 11:00
  24/05/11 11:05
  24/05/11 11:10
  24/05/11 11:15
