                   PM2.5  PM10     AT    RH    WS     WD   VWS    BP     SR
                   µg/m³ µg/m³     °C     %   m/s    deg   m/s  mmHg   W/m²
23/05/2011 11:20      39   125   33.1    50   4.2    264  -0.3   733    359
23/05/2011 11:25      39   125   33.0    50   4.4    274  -0.5   733    360
23/05/2011 11:30      39   125   33.2    51   2.8    259  -0.3   732    359
23/05/2011 11:35      39   125   33.7    50   3.3    276  -0.3   732    359
23/05/2011 11:40      39   125   34.2    49   1.9    195   0.0   732    359
23/05/2011 11:45      39   125   34.8    48   2.5    207  -0.4   732    358
23/05/2011 11:50      39   125   34.8    48   2.4    220  -0.1   732    358
23/05/2011 11:55      39   125   34.8    49   2.7    201  -0.3   732    358
23/05/2011 12:00      37   123   35.0    49   2.1    272  -0.1   732    358
23/05/2011 12:05      37   123   35.3    48   3.1    258  -0.3   732    358
23/05/2011 12:10      37   123   34.7    49   4.4    263  -0.4   733    359
23/05/2011 12:15      37   123   34.1    50   3.5     99   0.2   735    359
23/05/2011 12:20      37   123   34.7    49   2.3    172  -0.2   736    359
23/05/2011 12:25      37   123   35.2    49   2.8    223  -0.2   737    359
23/05/2011 12:30      37   123   35.2    48   3.0    157   0.2   738    359
23/05/2011 12:35      37   123   35.4    48   2.9    156  -0.1   739    359
23/05/2011 12:40      37   123   35.2    47   4.1    216  -0.3   740    359
23/05/2011 12:45      37   123   35.1    48   3.3    266  -0.2   741    358
23/05/2011 12:50      37   123   35.6    47   3.4    255  -0.2   741    358
23/05/2011 12:55      37   123   35.1    48   4.6    240  -0.6   742    358
23/05/2011 13:00      43   146   35.0    48   3.7    166  -0.1   742    358
23/05/2011 13:05      43   146   35.1    49   3.2    217  -0.3   743    359
23/05/2011 13:10      43   146   35.5    48   2.9    208  -0.2   743    358
23/05/2011 13:15      43   146   35.7    47   3.6    112  -0.1   744    358
23/05/2011 13:20      43   146   35.9    47   2.8    166  -0.1   744    358
23/05/2011 13:25      43   146   36.1    46   3.5    184   0.0   744    358
23/05/2011 13:30      43   146   36.3    46   3.0    230  -0.4   745    357
23/05/2011 13:35      43   146   36.5    46   3.1    267  -0.4   745    357
23/05/2011 13:40      43   146   36.6    46   2.1    241  -0.4   745    357
23/05/2011 13:45      43   146   36.9    45   3.5    236  -0.4   746    356
23/05/2011 13:50      43   146   36.3    46   3.7    164   0.0   746    357
23/05/2011 13:55      43   146   36.1    46   2.8    151   0.0   746    357
23/05/2011 14:00      48   191   36.5    46   2.8    257  -0.3   747    357
23/05/2011 14:05      48   191   36.7    45   2.2    184  -0.1   747    356
23/05/2011 14:10      48   191   36.9    44   3.2    227  -0.2   747    356
23/05/2011 14:15      48   191   37.0    43   2.6    204  -0.2   747    356
23/05/2011 14:20      48   191   37.2    43   2.8    119  -0.2   748    356
23/05/2011 14:25      48   191   36.9    44   4.0    192  -0.1   748    356
23/05/2011 14:30      48   191   36.5    44   3.5    105   0.0   748    356
23/05/2011 14:35      48   191   36.4    44   3.6    135   0.0   748    356
23/05/2011 14:40      48   191   36.5    45   2.8    173  -0.2   748    356
23/05/2011 14:45      48   191   36.6    44   3.4    153   0.0   748    356
23/05/2011 14:50      48   191   36.6    45   2.8    129  -0.1   749    355
23/05/2011 14:55      48   191   37.0    44   3.0    185  -0.1   749    355
23/05/2011 15:00      16   180   36.9    43   3.9    193  -0.2   749    355
23/05/2011 15:05      16   180   36.7    43   4.2    191  -0.2   749    355
23/05/2011 15:10      16   180   36.6    43   3.7    168  -0.2   749    355
23/05/2011 15:15      16   180   36.6    43   3.9    144   0.0   749    355
23/05/2011 15:20      16   180   36.6    44   3.2    163  -0.2   749    354
23/05/2011 15:25      16   180   36.7    44   4.2    170  -0.1   750    354
23/05/2011 15:30      16   180   36.6    44   4.2     99   0.1   750    354
23/05/2011 15:35      16   180   36.7    44   3.2    173  -0.2   750    353
23/05/2011 15:40      16   180   36.9    44   2.5    155  -0.1   750    353
23/05/2011 15:45      16   180   37.1    44   3.3    189   0.0   750    353
23/05/2011 15:50      16   180   37.2    43   2.5    157  -0.2   750    352
23/05/2011 15:55      16   180   37.1    43   4.1    141  -0.1   750    352
23/05/2011 16:00      20   248   36.7    44   4.3    104  -0.2   751    352
23/05/2011 16:05      20   248   36.6    44   3.8    169   0.1   750    352
23/05/2011 16:10      20   248   36.6    44   3.7    123   0.1   750    352
23/05/2011 16:15      20   248   36.9    44   3.0    159  -0.2   749    351
23/05/2011 16:20      20   248   37.0    43   2.9    211  -0.1   748    350
23/05/2011 16:25      20   248   36.9    44   3.1    172  -0.1   748    350
23/05/2011 16:30      20   248   36.9    44   2.4    163  -0.4   747    350
23/05/2011 16:35      20   248   37.1    44   2.7    232  -0.1   747    349
23/05/2011 16:40      20   248   36.9    44   3.0    142   0.0   746    349
23/05/2011 16:45      20   248   36.8    44   2.8    205  -0.2   746    349
23/05/2011 16:50      20   248   36.6    44   3.2    154   0.0   745    348
23/05/2011 16:55      20   248   36.5    44   3.3    187   0.0   745    348
23/05/2011 17:00      28   233   36.2    44   3.3    149   0.0   744    348
23/05/2011 17:05      28   233   36.3    45   2.5    198  -0.2   744    347
23/05/2011 17:10      28   233   36.2    44   3.8    156  -0.1   743    346
23/05/2011 17:15      28   233   36.2    44   2.2    191  -0.2   743    346
23/05/2011 17:20      28   233   36.2    44   3.3    130   0.1   743    345
23/05/2011 17:25      28   233   36.0    45   3.0    221  -0.3   742    345
23/05/2011 17:30      28   233   35.8    45   3.1    243   0.1   742    345
23/05/2011 17:35      28   233   35.8    45   3.0    113   0.0   742    343
23/05/2011 17:40      28   233   35.6    45   2.9    173   0.1   741    343
23/05/2011 17:45      28   233   35.5    45   3.1    131   0.0   741    342
23/05/2011 17:50      28   233   35.3    45   2.3    147  -0.2   741    342
23/05/2011 17:55      28         35.2    45   2.9    148   0.0   740    341
23/05/2011 18:00      12   283   35.0    45   3.2    137  -0.1   740    341
23/05/2011 18:05      12   283   34.8    46   2.7    157  -0.1   740    340
23/05/2011 18:10      12   283   34.5    46   2.4    155  -0.2   739    336
23/05/2011 18:15      12   283   34.3    46   2.3    243   0.0   739    336
23/05/2011 18:20      12   283   34.1    47   2.5    154   0.0   739    334
23/05/2011 18:25      12   283   33.8    48   1.9    179  -0.1   738    333
23/05/2011 18:30      12   283   33.6    48   2.1    177  -0.1   738    332
23/05/2011 18:35      12   283   33.4    48   2.4    132   0.1   737    331
23/05/2011 18:40      12   283   33.3    49   2.1    170  -0.1   737    330
23/05/2011 18:45      12   283   33.0    49   1.8    173  -0.1   737    329
23/05/2011 18:50      12   283   32.8    50   1.8    213  -0.1   737    327
23/05/2011 18:55      12   283   32.6    50   1.5    220  -0.1   736    325
23/05/2011 19:00      49   295   32.4    51   1.1    203  -0.1   736    322
23/05/2011 19:05      49   295   32.1    51   1.2    268   0.0   735    319
23/05/2011 19:10      49   295   31.9    52   1.0    187   0.0   735    315
23/05/2011 19:15      49   295   31.6    53   0.9    237  -0.1   735    312
23/05/2011 19:20      49   295   31.4    53   0.8    216  -0.1   734    306
23/05/2011 19:25      49   295   31.3    53   1.0    258   0.0   734    299
23/05/2011 19:30      49   295   31.0    54   0.7    237  -0.1   733    287
23/05/2011 19:35      49   295   30.8    55   0.7    284  -0.1   733    263
23/05/2011 19:40      49   295   30.5    56   0.7    238  -0.1   732    223
23/05/2011 19:45      49   295   30.3    57   0.9    250  -0.1   730    140
23/05/2011 19:50      49   295   30.2    57   1.0    259  -0.1   729    109
23/05/2011 19:55      49   295   30.1    57   0.9    258  -0.1   728     98
23/05/2011 20:00      81   327   29.9    57   0.4    258  -0.1   727     93
23/05/2011 20:05      81   327   29.8    58   0.8    217  -0.1   728     92
23/05/2011 20:10      81   327   29.7    58   0.9    235  -0.2   729     98
23/05/2011 20:15      81   327   29.6    58   0.9    234   0.0   731    103
23/05/2011 20:20      81   327   29.5    59   0.9    218   0.0   733    108
23/05/2011 20:25      81   327   29.4    59   0.9    257   0.0   735    115
23/05/2011 20:30      81   327   29.4    59   1.2    254  -0.1   736    120
23/05/2011 20:35      81   327   29.4    59   0.8    219  -0.1   737    124
23/05/2011 20:40      81   327   29.3    60   1.4    259  -0.1   739    129
23/05/2011 20:45      81   327   29.3    60   1.0    255  -0.1   739    132
23/05/2011 20:50      81   327   29.1    60   0.9    247   0.0   740    135
23/05/2011 20:55      81   327   29.0    60   1.0    210   0.0   741    138
23/05/2011 21:00      76   290   28.9    60   0.8    239   0.0   742    141
23/05/2011 21:05      76   290   28.7    62   0.7    246  -0.1   742    144
23/05/2011 21:10      76   290   28.5    62   0.7    255  -0.1   743    146
23/05/2011 21:15      76   290   28.4    63   0.8    257  -0.1   743    148
23/05/2011 21:20      76   290   28.2    63   0.8    273  -0.1   743    150
23/05/2011 21:25      76   290   28.0    65   1.1    251  -0.1   744    152
23/05/2011 21:30      76   290   27.8    65   0.7    246  -0.1   744    154
23/05/2011 21:35      76   290   27.5    65   0.6    245  -0.1   744    155
23/05/2011 21:40      76   290   27.4    66   0.5    138  -0.1   745    157
23/05/2011 21:45      76   290   27.4    66   0.6    183  -0.1   745    158
23/05/2011 21:50      76   290   27.4    66   0.6    121  -0.1   745    159
23/05/2011 21:55      76   290   27.2    67   0.5     46  -0.1   745    160
23/05/2011 22:00      88   279   27.3    67   0.7    117  -0.1   746    161
23/05/2011 22:05      88   279   27.4    66   1.1    101  -0.1   746    162
23/05/2011 22:10      88   279   27.7    66   1.0     82  -0.1   746    163
23/05/2011 22:15      88   279   27.7    66   0.7    150  -0.1   746    165
23/05/2011 22:20      88         27.6    66   0.8    164  -0.1   746    165
23/05/2011 22:25      88   279   27.2    69   1.5    255  -0.1   747    167
23/05/2011 22:30      88   279   27.0    70   1.4    255  -0.1   747    167
23/05/2011 22:35      88   279   26.9    70   1.5    254  -0.1   747    168
23/05/2011 22:40      88   279   26.8    70   1.7    257  -0.1   747    169
23/05/2011 22:45      88   279   26.7    71   1.2    255  -0.1   747    170
23/05/2011 22:50      88   279   26.5    72   0.8    249  -0.1   747    171
23/05/2011 22:55      88   279   26.2    73   0.6    232  -0.1   747    172
23/05/2011 23:00     114   280   26.0    73   0.3    280  -0.1   747    173
23/05/2011 23:05     114   280   25.8    75   0.7    260  -0.1   748    173
23/05/2011 23:10     114   280   25.5    76   0.6    245  -0.1   748    174
23/05/2011 23:15     114   280   25.5    76   0.8    239  -0.1   748    174
23/05/2011 23:20     114   280   25.5    76   0.7    239  -0.1   748    175
23/05/2011 23:25     114   280   25.4    76   0.3    235  -0.1   748    176
23/05/2011 23:30     114   280   25.3    77   0.3    249  -0.1   748    177
23/05/2011 23:35     114   280   25.1    79   0.3    249  -0.1   748    178
23/05/2011 23:40     114   280   24.9    80   0.9    268  -0.1   748    178
23/05/2011 23:45     114   280   24.8    79   0.7    244  -0.1   748    179
23/05/2011 23:50     114   280   25.1    77   0.9    253  -0.1   749    179
23/05/2011 23:55     114   280   25.5    76   1.1    255  -0.1   749    180
24/05/2011 00:00     116   251   25.8    74   0.8    277  -0.1   749    180
24/05/2011 00:05     116   251   26.0    73   0.7    252  -0.1   749    180
24/05/2011 00:10     116   251   26.1    73   0.7    268  -0.1   748    177
24/05/2011 00:15     116   251   26.3    72   0.8    206  -0.1   748    173
24/05/2011 00:20     116   251   26.4    72   0.6    250  -0.1   747    168
24/05/2011 00:25     116   251   26.4    72   0.5    263  -0.1   746    163
24/05/2011 00:30     116   251   26.1    74   0.9    249  -0.1   745    158
24/05/2011 00:35     116   251   25.9    75   0.5    248  -0.1   744    153
24/05/2011 00:40     116   251   25.7    75   0.7    243  -0.1   743    148
24/05/2011 00:45     116   251   25.6    76   0.8    242  -0.1   742    143
24/05/2011 00:50     116   251   25.4    77   0.9    248  -0.1   741    139
24/05/2011 00:55     116   251   25.5    75   1.3    260  -0.1   741    135
24/05/2011 01:00      57   203   25.8    73   1.0    240  -0.1   740    132
24/05/2011 01:05      57   203   26.0    72   0.8    229  -0.1   739    130
24/05/2011 01:10           203   26.1    72   0.7    203  -0.1   739    127
24/05/2011 01:15      57   203   26.1    72   1.5    263  -0.1   738    125
24/05/2011 01:20      57   203   26.1    71   1.1    238  -0.2   737    122
24/05/2011 01:25      57   203   26.2    71   1.5    273  -0.1   737    120
24/05/2011 01:30      57   203   26.2    71   1.2    268  -0.1   736    117
24/05/2011 01:35      57   203   26.1    71   1.5    275  -0.2   735    115
24/05/2011 01:40      57   203   26.1    71   1.4    253  -0.1   734    113
24/05/2011 01:45      57   203   26.1    71   1.1    270  -0.1   733    111
24/05/2011 01:50      57   203   26.0    71   1.1    264  -0.1   733    108
24/05/2011 01:55      57   203   26.0    71   1.2    256  -0.2   732    106
24/05/2011 02:00     132   266   26.1    71   1.5    279  -0.1   731    104
24/05/2011 02:05     132   266   26.1    71   1.2    264  -0.1   731    102
24/05/2011 02:10     132   266   26.0    71   1.0    261  -0.1   730     99
24/05/2011 02:15     132   266   25.9    72   0.9    258  -0.1   729     97
24/05/2011 02:20     132   266   25.8    72   1.2    255  -0.1   728     95
24/05/2011 02:25     132   266   25.7    72   0.8    253  -0.1   728     93
24/05/2011 02:30     132   266   25.7    73   0.8    259  -0.1   727     91
24/05/2011 02:35     132   266   25.7    73   1.4    267  -0.1   727     90
24/05/2011 02:40     132   266   25.7    73   1.5    269  -0.1   726     89
24/05/2011 02:45     132   266   25.7    72   1.5    272  -0.1   726     86
24/05/2011 02:50     132   266   25.8    72   0.9    244  -0.1   725     85
24/05/2011 02:55     132   266   25.7    73   0.7    273  -0.1   725     84
24/05/2011 03:00     247   396   25.6    73   0.9    259  -0.1   724     81
24/05/2011 03:05           396   25.5    74   0.9    266  -0.1   723     77
24/05/2011 03:10     247   396   25.5    74   1.0    267  -0.1   723     76
24/05/2011 03:15     247   396   25.4    74   1.3    274  -0.1   722     74
24/05/2011 03:20     247   396   25.4    74   0.9    260  -0.1   721     72
24/05/2011 03:25     247   396   25.4    74   0.7    276  -0.1   721     70
24/05/2011 03:30     247   396   25.4    74   0.9    279  -0.1   720     68
24/05/2011 03:35     247   396   25.4    74   1.0    273  -0.1   719     67
24/05/2011 03:40     247   396   25.4    74   1.2    247  -0.1   719     66
24/05/2011 03:45     247   396   25.5    73   1.1    258  -0.1   719     65
24/05/2011 03:50     247   396   25.6    73   1.3    271  -0.1   719     64
24/05/2011 03:55     247   396   25.6    73   1.0    273  -0.1   718     61
24/05/2011 04:00     187   335   25.7    73   1.6    263  -0.1   717     60
24/05/2011 04:05     187   335   25.7    72   1.3    241  -0.1   717     61
24/05/2011 04:10     187   335   25.7    73   1.6    249  -0.1   720     69
24/05/2011 04:15     187   335   25.7    72   1.9    261  -0.2   723     77
24/05/2011 04:20     187   335   25.7    72   2.0    269  -0.2   726     86
24/05/2011 04:25     187   335   25.7    72   1.6    268  -0.2   728     95
24/05/2011 04:30     187   335   25.7    73   1.3    278  -0.1   730    103
24/05/2011 04:35     187   335   25.6    73   1.4    248  -0.2   732    109
24/05/2011 04:40     187   335   25.5    73   1.5    251  -0.1   734    115
24/05/2011 04:45     187   335   25.5    74   1.4    274  -0.1   735    121
24/05/2011 04:50     187   335   25.5    74   1.1    270  -0.1   736    132
24/05/2011 04:55     187         25.3    74   1.3    274  -0.1   738    156
24/05/2011 05:00     122   278   25.4    75   1.3    240  -0.1   740    219
24/05/2011 05:05     122   278   25.4    75   1.5    258  -0.1   741    261
24/05/2011 05:10     122   278   25.4    75   1.1    262  -0.1   741    286
24/05/2011 05:15     122   278   25.3    75   1.3    280   0.0   742    300
24/05/2011 05:20     122   278   25.3    76   1.0    268  -0.1   742    308
24/05/2011 05:25     122   278   25.2    76   0.9    272  -0.1   743    315
24/05/2011 05:30     122   278   25.1    77   0.8    235  -0.1   743    319
24/05/2011 05:35     122   278   25.0    77   1.1    236  -0.1   743    323
24/05/2011 05:40     122   278   25.0    78   0.9    240  -0.1   744    327
24/05/2011 05:45     122   278   25.0    78   1.4    260  -0.1   744    329
24/05/2011 05:50     122   278   25.0    78   0.9    244  -0.1   744    332
24/05/2011 05:55     122   278   25.1    78   0.7    274  -0.1   744    334
24/05/2011 06:00     100   257   25.2    78   0.8    200  -0.1   744    335
24/05/2011 06:05     100   257   25.3    78   0.7    256  -0.1   745    337
24/05/2011 06:10     100         25.4    78   0.7    168  -0.1   745    338
24/05/2011 06:15     100   257   25.6    78   0.8    195  -0.1   745    339
24/05/2011 06:20     100   257   25.7    78   0.8    184  -0.1   745    340
24/05/2011 06:25     100   257   26.0    78   0.5    241  -0.1   745    341
24/05/2011 06:30     100   257   26.2    77   0.5    228  -0.1   746    342
24/05/2011 06:35     100   257   26.5    77   0.7    269  -0.1   746    343
24/05/2011 06:40     100   257   26.8    76   0.7    256  -0.1   746    344
24/05/2011 06:45     100   257   27.0    76   0.9    275  -0.1   746    345
24/05/2011 06:50     100   257   27.2    76   1.3    259  -0.1   746    346
24/05/2011 06:55     100   257   27.5    76   1.6    229  -0.1   746    346
24/05/2011 07:00      75   284   27.9    75   1.4    274  -0.1   746    347
24/05/2011 07:05      75   284   28.2    75   1.7    267  -0.2   746    347
24/05/2011 07:10      75   284   28.4    74   2.4    275  -0.2   747    348
24/05/2011 07:15      75   284   28.6    73   1.8    271  -0.2   747    348
24/05/2011 07:20      75   284   29.0    72   1.5    268  -0.2   747    348
24/05/2011 07:25      75   284   29.4    71   1.7    272  -0.2   747    349
24/05/2011 07:30      75   284   29.6    71   2.2    261  -0.2   747    349
24/05/2011 07:35      75   284   30.0    70   1.3    270  -0.1   747    349
24/05/2011 07:40      75   284   30.4    69   1.5    283  -0.2   748    349
24/05/2011 07:45      75   284   30.7    68   1.9    283  -0.1   748    350
24/05/2011 07:50      75   284   30.9    67   1.6    262  -0.2   748    350
24/05/2011 07:55      75   284   31.3    65   1.9    279  -0.2   748    350
24/05/2011 08:00      65   289   31.4    65   2.0    268  -0.2   748    351
24/05/2011 08:05      65   289   31.8    64   2.2    258  -0.2   748    351
24/05/2011 08:10      65   289   32.0    63   1.9    272  -0.2   748    351
24/05/2011 08:15      65   289   32.2    62   1.8    280  -0.2   747    351
24/05/2011 08:20      65   289   32.6    61   2.3    268  -0.2   746    351
24/05/2011 08:25           289   32.6    60   2.1    274  -0.2   746    352
24/05/2011 08:30      65   289   32.9    60   2.1    275  -0.3   745    352
24/05/2011 08:35      65   289   33.2    59   2.0    272  -0.1   744    352
24/05/2011 08:40      65   289   33.5    57   2.6    268  -0.3   744    352
24/05/2011 08:45      65   289   33.7    56   2.0    269  -0.2   743    352
24/05/2011 08:50      65   289   33.9    55   2.9    268  -0.3   743    353
24/05/2011 08:55      65   289   33.8    55   2.8    261  -0.2   743    353
24/05/2011 09:00      47   246   33.8    54   3.5    272  -0.3   743    354
24/05/2011 09:05      47   246   33.9    53   3.2    265  -0.2   742    354
24/05/2011 09:10      47   246   34.4    52   2.5    232  -0.2   740    354
24/05/2011 09:15      47   246   34.8    50   2.9    265  -0.3   739    354
24/05/2011 09:20      47   246   34.9    50   3.0    264  -0.2   739    354
24/05/2011 09:25      47   246   35.2    49   2.2    263  -0.2   738    354
24/05/2011 09:30      47   246   35.8    48   1.7    186  -0.2   738    354
24/05/2011 09:35      47   246   36.4    46   1.8    209  -0.1   738    354
24/05/2011 09:40      47   246   36.9    44   1.6    195  -0.2   738    354
24/05/2011 09:45      47   246   37.3    43   1.8    182  -0.2   738    353
24/05/2011 09:50      47   246   37.1    44   2.2    153   0.0   737    354
24/05/2011 09:55      47   246   37.2    45   2.0    258  -0.3   737    354
24/05/2011 10:00      30   182   37.5    45   1.7    216  -0.2   737    354
24/05/2011 10:05      30   182   37.4    45   3.3    277  -0.4   737    354
24/05/2011 10:10      30   182   36.9    46   3.0    252  -0.4   737    355
24/05/2011 10:15
24/05/2011 10:20
24/05/2011 10:25
24/05/2011 10:30
24/05/2011 10:35
24/05/2011 10:40
24/05/2011 10:45
24/05/2011 10:50
24/05/2011 10:55
24/05/2011 11:00
24/05/2011 11:05
24/05/2011 11:10
24/05/2011 11:15
